1482700674.35	55
1482700773.78	56
1482700878.62	56
1482700984.76	57
1482701091.34	57
1482701197.04	57
1482701304.18	57
1482701410.39	57
1482701519.84	57
1482701625.48	57
1482701731.26	58
1482701836.86	58
1482701942.42	58
1482702049.01	58
1482702156.03	58
1482702262.47	58
1482702368.98	59
1482702475.32	59
1482702581.67	59
1482702687.53	59
1482702793.0	59
1482702902.8	59
1482703009.92	59
1482703117.68	60
1482703151.71	60
1482703265.46	60
1482703377.43	60
1482703488.84	60
1482703599.61	60
1482703710.1	60
1482703820.93	60
1482703940.97	60
1482704115.13	60
1482704350.96	60
1482704513.62	60
1482704674.18	61
1482704838.39	62
1482705099.63	62
1482705320.43	62
1482705612.43	62
1482705780.04	62
1482705896.46	62
1482706014.6	62
1482706131.3	64
1482706250.67	64
1482706367.05	64
1482706484.09	64
1482706601.48	65
1482706719.35	66
1482706836.84	66
1482706953.66	66
1482707076.16	70
1482707244.46	70
1482707436.51	70
1482707578.77	70
1482707709.68	70
1482707830.51	70
1482707947.88	70
1482708066.0	70
1482708184.65	70
1482708304.39	70
1482708425.29	70
1482708544.78	70
1482708663.44	70
1482708781.17	70
1482708898.77	70
1482709016.56	70
1482709134.09	70
1482709251.02	70
1482709371.16	73
1482709491.35	79
1482709609.85	79
1482709728.67	79
1482709847.44	79
1482709963.65	79
1482710078.86	81
1482710194.43	81
1482710310.53	81
1482710426.98	81
1482710543.55	81
1482710659.83	81
1482710778.25	81
1482710893.96	81
1482711010.64	81
1482711126.85	81
1482711246.82	92
1482711367.45	92
1482711490.16	92
1482711608.92	92
1482711727.09	92
1482711843.79	92
1482711961.12	92
1482712078.25	92
1482712195.7	93
1482712313.45	93
1482712430.91	93
1482712546.93	93
1482712663.93	93
1482712779.34	93
1482712893.9	93
1482713008.67	93
1482713124.08	93
1482713244.63	92
1482713363.82	92
1482713483.65	92
1482713602.17	92
1482713719.52	92
1482713838.02	92
1482713961.0	92
1482714084.57	92
1482714207.22	92
1482714330.92	92
1482714451.5	92
1482714569.81	92
1482714689.12	92
1482714813.32	92
1482714932.64	92
1482715053.46	91
1482715179.97	92
1482715304.12	92
1482715425.46	92
1482715549.52	92
1482715666.56	92
1482715781.82	92
1482715907.89	92
1482716025.83	92
1482716154.37	92
1482716270.79	92
1482716385.06	92
1482716497.49	92
1482716610.47	92
1482716726.34	92
1482716841.24	92
1482716956.35	92
1482717074.07	92
1482717190.48	92
1482717304.89	93
1482717420.04	93
1482717546.11	93
1482717667.4	103
1482717787.48	103
1482717905.03	103
1482718041.21	103
1482718177.5	104
1482718297.95	104
1482718413.96	104
1482718530.82	104
1482718649.18	104
1482718766.84	104
1482718889.61	104
1482719012.3	104
1482719150.44	104
1482719270.56	104
1482719390.44	102
1482719513.02	102
1482719634.24	103
1482719757.82	103
1482719879.24	103
1482719999.07	103
1482720118.4	103
1482720249.16	103
1482720372.61	103
1482720491.48	103
1482720609.52	103
1482720726.95	103
1482720843.79	103
1482720960.39	103
1482721077.01	103
1482721197.88	101
1482721320.29	101
1482721442.39	101
1482721565.93	100
1482721687.02	101
1482721807.17	101
1482721928.67	101
1482722049.35	101
1482722169.48	101
1482722289.42	101
1482722408.94	101
1482722527.87	101
1482722650.84	101
1482722775.7	100
1482722896.33	100
1482723019.53	100
1482723139.71	100
1482723261.25	100
1482723384.59	100
1482723504.51	93
1482723622.46	93
1482723741.36	94
1482723859.73	94
1482723976.33	94
1482724096.82	94
1482724214.22	94
1482724331.31	94
1482724450.1	94
1482724569.96	94
1482724688.59	94
1482724806.8	94
1482724923.72	94
1482725040.83	95
1482725157.56	95
1482725277.35	85
1482725398.43	85
1482725518.28	92
1482725637.2	92
1482725753.5	92
1482725869.6	92
1482725986.39	93
1482726105.4	93
1482726223.39	93
1482726339.92	93
1482726455.93	93
1482726571.43	93
1482726686.17	93
1482726800.36	93
1482726914.87	93
1482727032.5	93
1482727146.18	93
1482727259.38	93
1482727372.06	93
1482727485.14	93
1482727601.07	83
1482727719.99	86
1482727839.48	85
1482727958.86	85
1482728076.13	87
1482728192.54	87
1482728309.97	88
1482728428.07	88
1482728545.45	88
1482728662.18	88
1482728779.41	88
1482728895.63	88
1482729010.91	88
1482729125.08	88
1482729239.74	88
1482729353.98	88
1482729472.0	84
1482729592.59	84
1482729715.18	84
1482729835.91	84
1482729956.8	84
1482730078.61	85
1482730237.1	85
1482730370.96	85
1482730491.42	85
1482730614.68	85
1482730735.3	85
1482730857.28	85
1482730976.71	85
1482731094.81	85
1482731237.16	85
1482731358.93	82
1482731482.14	88
1482731607.21	88
1482731730.19	88
1482731864.02	88
1482731988.12	88
1482732109.43	90
1482732229.43	90
1482732352.96	90
1482732472.67	90
1482732592.38	90
1482732713.0	90
1482732834.41	90
1482732953.0	90
1482733070.59	90
1482733190.3	80
1482733314.5	78
1482733434.16	80
1482733552.08	80
1482733670.14	81
1482733787.52	81
1482733909.48	81
1482734027.15	81
1482734150.26	81
1482734272.36	81
1482734389.91	81
1482734506.19	81
1482734621.82	81
1482734737.26	81
1482734852.85	81
1482734968.31	81
1482735086.48	82
1482735206.15	82
1482735326.36	82
1482735445.98	82
1482735564.56	82
1482735682.36	82
1482735800.15	82
1482735917.7	82
1482736034.48	82
1482736151.95	82
1482736269.85	82
1482736387.19	82
1482736503.18	82
1482736618.99	82
1482736734.12	82
1482736852.63	82
1482736974.54	82
1482737093.81	82
1482737222.26	82
1482737342.51	85
1482737467.74	85
1482737587.92	85
1482737707.34	85
1482737832.88	85
1482737952.15	85
1482738069.88	85
1482738186.88	86
1482738306.7	86
1482738423.49	86
1482738540.45	86
1482738656.73	86
1482738772.48	86
1482738889.66	85
1482739013.62	89
1482739134.06	89
1482739254.8	89
1482739373.41	89
1482739491.65	90
1482739609.55	90
1482739727.81	90
1482739846.18	90
1482739964.5	90
1482740083.96	90
1482740202.2	90
1482740318.46	90
1482740434.09	90
1482740549.71	90
1482740663.46	91
1482740782.36	91
1482740896.6	91
1482741017.05	83
1482741139.05	83
1482741257.74	90
1482741380.33	90
1482741498.53	90
1482741615.0	90
1482741733.43	90
1482741850.68	90
1482741968.32	90
1482742085.47	90
1482742204.38	90
1482742322.25	90
1482742439.92	90
1482742557.89	90
1482742675.39	90
1482742793.23	90
1482742911.72	90
1482743031.9	85
1482743154.23	85
1482743274.2	85
1482743393.71	85
1482743512.61	85
1482743630.99	85
1482743749.91	85
1482743869.85	85
1482743989.52	85
1482744111.14	85
1482744229.9	85
1482744347.37	86
1482744464.04	86
1482744580.54	86
1482744698.1	86
1482744815.39	79
1482744939.35	79
1482745064.29	79
1482745186.39	79
1482745307.99	80
1482745429.11	80
1482745549.21	81
1482745669.4	81
1482745789.31	81
1482745908.86	81
1482746028.66	81
1482746147.51	81
1482746265.88	81
1482746383.54	81
1482746505.35	81
1482746623.94	81
1482746745.53	80
1482746869.55	80
1482746995.54	80
1482747130.97	80
1482747259.09	80
1482747380.99	80
1482747505.19	80
1482747635.69	80
1482747765.34	80
1482747886.99	80
1482748009.46	80
1482748131.67	80
1482748252.7	80
1482748372.84	80
1482748493.47	80
1482748617.86	78
1482748740.54	78
1482748864.96	78
1482748987.6	88
1482749109.63	88
1482749230.97	88
1482749352.14	88
1482749473.34	88
1482749596.69	88
1482749716.87	88
1482749837.01	88
1482749956.35	88
1482750076.0	88
1482750194.62	88
1482750314.16	88
1482750433.11	88
1482750553.66	84
1482750676.43	84
1482750800.36	84
1482750923.11	84
1482751045.15	84
1482751167.35	83
1482751289.2	84
1482751414.01	84
1482751536.97	84
1482751659.05	84
1482751781.84	84
1482751904.48	84
1482752026.08	84
1482752148.23	84
1482752268.88	84
1482752395.99	82
1482752520.97	82
1482752644.57	84
1482752767.43	84
1482752891.46	84
1482753011.88	84
1482753132.67	84
1482753254.13	84
1482753375.15	84
1482753500.85	85
1482753624.88	85
1482753744.91	85
1482753864.82	85
1482753984.44	85
1482754104.26	85
1482754226.74	83
1482754352.1	82
1482754477.31	83
1482754603.07	83
1482754729.39	84
1482754851.89	84
1482754974.78	84
1482755096.91	84
1482755220.02	84
1482755341.38	84
1482755463.71	84
1482755590.61	84
1482755714.84	84
1482755835.75	84
1482755955.67	84
1482756074.38	84
1482756197.8	75
1482756321.99	74
1482756445.58	75
1482756571.18	75
1482756695.96	75
1482756818.8	75
1482756942.11	75
1482757065.62	75
1482757188.15	75
1482757311.42	75
1482757434.02	75
1482757555.78	76
1482757676.59	76
1482757798.07	76
1482757919.23	76
1482758042.99	75
1482758166.91	76
1482758291.11	79
1482758415.33	79
1482758538.96	79
1482758662.0	79
1482758789.33	79
1482758912.28	79
1482759035.25	79
1482759159.91	79
1482759283.45	79
1482759404.94	79
1482759526.04	79
1482759648.08	79
1482759769.41	79
1482759897.25	79
1482760025.4	75
1482760152.45	79
1482760277.93	80
1482760401.79	80
1482760527.67	80
1482760651.48	81
1482760774.68	81
1482760897.82	81
1482761025.09	81
1482761147.8	81
1482761273.22	81
1482761396.32	81
1482761518.31	81
1482761640.61	81
1482761762.43	81
1482761887.15	75
1482762012.66	75
1482762140.66	75
1482762266.47	75
1482762390.96	75
1482762514.56	75
1482762636.91	75
1482762759.84	75
1482762883.17	75
1482763006.88	75
1482763130.37	75
1482763252.33	75
1482763374.43	75
1482763498.94	76
1482763626.96	76
1482763755.96	77
1482763885.28	77
1482764015.73	77
1482764148.52	72
1482764281.82	71
1482764416.21	72
1482764547.76	72
1482764678.23	72
1482764808.24	72
1482764940.16	72
1482765069.54	72
1482765199.6	72
1482765328.52	73
1482765456.07	73
1482765582.09	73
1482765708.19	73
1482765839.37	73
1482765966.1	73
1482766097.0	72
1482766227.98	72
1482766363.35	73
1482766503.64	73
1482766633.68	74
1482766767.59	74
1482766899.85	74
1482767030.9	74
1482767158.81	74
1482767287.89	74
1482767416.72	74
1482767545.41	74
1482770006.93	75
1482770218.65	77
1482770388.58	76
1482770541.99	81
1482770704.72	81
1482770861.5	81
1482771012.89	79
1482771173.18	79
1482771353.75	79
1482771497.84	79
1482771625.01	80
1482771751.57	80
1482771881.52	80
1482772009.52	80
1482772136.81	80
1482772262.67	80
1482772387.55	80
1482772562.28	80
1482772724.75	80
1482772880.92	81
1482773009.6	81
1482773136.91	81
1482773263.23	81
1482773392.11	81
1482773524.44	81
1482773657.36	78
1482773788.24	78
1482773918.51	78
1482774048.98	78
1482774181.27	79
1482774309.15	79
1482774436.97	79
1482774565.35	79
1482774691.78	80
1482774819.29	80
1482774946.11	80
1482775071.31	80
1482775196.04	80
1482775329.95	80
1482775453.76	80
1482775578.16	80
1482775703.13	81
1482775835.15	81
1482775963.78	83
1482776093.48	83
1482776220.69	83
1482776349.43	83
1482776480.68	83
1482776608.74	83
1482776738.96	83
1482776870.13	83
1482776997.71	83
1482777124.81	83
1482777251.19	83
1482777377.17	83
1482777503.42	83
1482777630.2	83
1482777756.16	80
1482777886.68	79
1482778016.11	85
1482778145.5	85
1482778274.82	85
1482778405.77	85
1482778534.08	85
1482778662.25	85
1482778792.3	85
1482778921.39	85
1482779050.29	85
1482779179.62	87
1482779306.36	87
1482779431.68	87
1482779559.1	87
1482779685.96	87
1482779812.04	87
1482779938.06	87
1482780066.0	85
1482780193.85	86
1482780321.08	86
1482780451.24	86
1482780581.15	87
1482780709.48	87
1482780842.33	88
1482780971.53	88
1482781100.81	88
1482781230.27	88
1482781394.5	88
1482781528.08	88
1482781671.81	89
1482781810.38	89
1482781948.09	89
1482782081.34	89
1482782218.68	89
1482782360.83	82
1482782498.14	82
1482782635.98	82
1482782770.46	82
1482782904.76	82
1482783034.64	82
1482783177.01	82
1482783304.61	82
1482783432.53	82
1482783558.7	82
1482783683.77	82
1482783810.4	82
1482783936.18	82
1482784061.29	82
1482784186.45	82
1482784311.77	82
1482784439.4	77
1482784568.6	77
1482784698.7	77
1482784827.78	77
1482784956.2	77
1482785084.21	77
1482785213.33	77
1482785341.83	77
1482785470.72	77
1482785599.69	77
1482785727.16	77
1482785855.46	78
1482785981.67	78
1482786106.7	78
1482786233.03	78
1482786361.34	70
1482786492.3	70
1482786623.42	71
1482786752.86	71
1482786882.18	71
1482787010.25	71
1482787138.73	71
1482787267.44	71
1482787396.71	71
1482787537.79	71
1482787666.31	71
1482787797.52	71
1482787926.84	71
1482788055.37	71
1482788185.59	71
1482788313.76	72
1482788453.77	72
1482788585.52	72
1482788730.43	72
1482788861.17	72
1482788992.67	72
1482789120.95	72
1482789249.99	72
1482789379.61	72
1482789507.95	72
1482789635.85	72
1482789763.12	72
1482789890.26	72
1482790016.02	72
1482790142.52	72
1482790268.38	72
1482790394.71	72
1482790524.13	72
1482790651.74	64
1482790779.42	64
1482790908.55	64
1482791035.89	64
1482791162.4	66
1482791288.93	66
1482791414.67	66
1482791540.19	66
1482791666.02	66
1482791791.39	66
1482791916.58	66
1482792041.64	66
1482792166.54	66
1482792291.61	66
1482792416.35	66
1482792542.38	66
1482792667.64	66
1482792794.05	59
1482792921.23	59
1482793047.73	59
1482793176.63	59
1482793302.53	60
1482793428.72	60
1482793554.89	60
1482793682.72	60
1482793812.22	60
1482793938.82	60
1482794064.62	60
1482794189.74	60
1482794314.84	60
1482794439.4	60
1482794567.02	60
1482794691.14	60
1482794825.28	54
1482794953.0	54
1482795082.53	54
1482795208.85	54
1482795335.42	54
1482795462.71	54
1482795589.25	54
1482795715.16	54
1482795840.83	55
1482795971.18	55
1482796097.84	55
1482796224.92	55
1482796354.07	55
1482796479.16	55
1482796608.22	55
1482796734.56	55
1482796862.43	55
1482796997.1	54
1482797127.27	54
1482797252.63	54
1482797379.17	54
1482797503.77	54
1482797628.46	54
1482797753.91	54
1482797878.55	54
1482798003.96	54
1482798129.71	54
1482798254.91	54
1482798379.33	54
1482798503.21	54
1482798627.0	54
1482798750.82	54
1482798875.64	53
1482799011.77	53
1482799143.02	53
1482799271.14	53
1482799397.41	53
1482799523.88	53
1482799651.45	54
1482799777.37	54
1482799904.63	54
1482800031.81	54
1482800159.5	54
1482800286.0	57
1482800414.19	57
1482800539.73	57
1482800664.97	57
1482800792.43	57
1482800921.25	54
1482801048.95	54
1482801178.7	54
1482801305.79	54
1482801435.36	54
1482801563.06	54
1482801690.07	54
1482801817.33	54
1482801946.76	54
1482802074.78	55
1482802200.44	55
1482802325.64	55
1482802450.02	55
1482802573.55	55
1482802698.14	55
1482802823.63	62
1482802950.52	62
1482803077.53	66
1482803203.08	66
1482803332.31	66
1482803456.43	66
1482803580.15	66
1482803704.59	67
1482803828.52	67
1482803954.06	67
1482804078.58	67
1482804203.13	68
1482804327.56	68
1482804451.01	68
1482804574.58	68
1482804703.0	68
1482804833.54	68
1482804961.84	68
1482805088.57	69
1482805213.97	69
1482805339.83	70
1482805468.19	70
1482805593.79	70
1482805722.93	70
1482805853.41	70
1482805984.87	70
1482806110.11	70
1482806235.45	70
1482806361.25	70
1482806486.57	70
1482806613.03	71
1482806743.07	71
1482806871.59	71
1482807000.66	71
1482807127.7	71
1482807253.44	73
1482807379.56	73
1482807505.89	73
1482807632.1	74
1482807758.47	74
1482807884.43	74
1482808010.79	74
1482808136.66	75
1482808262.5	75
1482808387.03	75
1482808512.04	75
1482808636.47	75
1482808760.73	75
1482808888.51	74
1482809021.92	74
1482809150.97	79
1482809277.96	80
1482809404.75	80
1482809532.32	81
1482809659.59	81
1482809786.71	82
1482809913.76	82
1482810041.08	82
1482810167.56	82
1482810325.77	82
1482810405.6	82
1482810483.84	82
1482810562.37	82
1482810639.78	82
1482810717.96	82
1482810801.14	81
1482810881.03	80
1482810961.21	80
1482811040.43	79
1482811119.52	79
1482811199.1	79
1482811278.25	83
1482811356.97	83
1482811436.54	83
1482811515.69	84
1482811594.0	84
1482811673.63	84
1482811754.42	84
1482811833.17	84
1482811912.65	84
1482811992.6	84
1482812073.35	84
1482812167.0	84
1482812249.32	84
1482812325.81	84
1482812402.05	84
1482812479.29	84
1482812556.38	84
1482812633.51	84
1482812712.34	83
1482812797.26	83
1482812877.71	83
1482812959.48	83
1482813040.58	83
1482813120.13	83
1482813200.12	84
1482813277.82	84
1482813356.82	84
1482813437.76	85
1482813517.2	85
1482813596.56	85
1482813674.75	85
1482813754.44	85
1482813832.72	86
1482813911.61	86
1482813989.47	86
1482814068.4	86
1482814145.6	86
1482814226.64	86
1482814302.6	86
1482814379.51	86
1482814455.18	86
1482814531.46	86
1482814608.51	86
1482814691.78	86
1482814769.77	86
1482814848.53	87
1482814928.03	87
1482815006.38	87
1482815085.64	88
1482815163.53	88
1482815241.7	88
1482815319.42	89
1482815397.16	89
1482815474.86	89
1482815552.86	89
1482815630.41	89
1482815707.52	89
1482815785.28	89
1482815862.89	89
1482815940.99	89
1482816020.04	90
1482816098.66	90
1482816175.85	90
1482816253.63	90
1482816330.05	90
1482816406.18	90
1482816481.97	90
1482816560.73	88
1482816641.81	87
1482816729.49	87
1482816810.01	87
1482816889.67	89
1482816969.67	89
1482817049.31	98
1482817130.17	98
1482817209.32	98
1482817289.63	98
1482817368.61	98
1482817448.41	98
1482817526.81	98
1482817604.0	98
1482817681.42	98
1482817759.84	98
1482817837.29	98
1482817913.39	98
1482817988.48	98
1482818062.81	98
1482818137.52	98
1482818211.73	98
1482818286.28	99
1482818361.16	99
1482818438.92	99
1482818517.02	99
1482818595.48	91
1482818678.39	90
1482818759.96	90
1482818841.98	94
1482818923.6	94
1482819004.86	94
1482819082.0	95
1482819159.03	96
1482819235.62	96
1482819313.26	96
1482819392.54	96
1482819469.51	96
1482819546.31	96
1482819623.14	96
1482819699.68	96
1482819776.84	96
1482819853.7	96
1482819931.01	96
1482820006.5	96
1482820085.17	96
1482820160.8	96
1482820236.11	96
1482820313.27	96
1482820389.85	96
1482820479.4	96
1482820558.54	93
1482820641.63	93
1482820722.69	93
1482820804.16	93
1482820882.43	91
1482820961.12	91
1482821038.9	91
1482821117.18	90
1482821193.11	93
1482821269.43	93
1482821346.35	93
1482821424.16	93
1482821501.15	93
1482821578.83	93
1482821656.13	93
1482821733.43	94
1482821811.14	94
1482821887.59	94
1482821963.13	94
1482822038.26	94
1482822112.19	94
1482822185.8	94
1482822259.23	94
1482822333.87	94
1482822407.65	94
1482822481.07	94
1482822561.2	91
1482822639.36	91
1482822717.79	91
1482822795.66	91
1482822873.65	91
1482822949.25	91
1482823024.54	91
1482823100.33	91
1482823177.03	92
1482823253.71	93
1482823330.01	93
1482823404.51	95
1482823479.89	95
1482823554.97	95
1482823631.06	95
1482823706.03	95
1482823781.57	95
1482823856.41	95
1482823935.39	95
1482824009.21	95
1482824082.43	95
1482824156.03	95
1482824228.9	95
1482824300.67	95
1482824372.78	95
1482824448.0	95
1482824520.36	95
1482824592.93	95
1482824665.76	95
1482824737.9	95
1482824810.33	95
1482824890.02	91
1482824971.6	96
1482825052.85	96
1482825134.18	95
1482825214.48	95
1482825292.51	95
1482825369.49	95
1482825445.6	95
1482825521.85	95
1482825597.67	95
1482825674.58	95
1482825751.06	95
1482825828.04	95
1482825904.08	95
1482825980.26	95
1482826056.95	95
1482826136.69	95
1482826212.16	95
1482826291.62	95
1482826367.66	95
1482826440.78	97
1482826514.67	97
1482826588.64	97
1482826661.23	97
1482826733.59	97
1482826807.49	97
1482826882.49	97
1482826957.78	97
1482827031.9	97
1482827104.51	97
1482827178.76	97
1482827256.16	93
1482827333.6	93
1482827411.39	93
1482827488.07	94
1482827565.29	94
1482827642.54	94
1482827720.78	94
1482827796.88	94
1482827874.52	94
1482827952.72	94
1482828028.81	94
1482828103.9	94
1482828181.66	94
1482828258.44	94
1482828337.7	94
1482828413.92	94
1482828489.25	94
1482828565.32	94
1482828640.31	94
1482828716.44	95
1482828791.27	95
1482828865.99	95
1482828944.73	95
1482829018.59	95
1482829096.99	97
1482829171.49	95
1482829254.72	95
1482829332.76	95
1482829410.13	96
1482829491.76	96
1482829569.74	96
1482829648.48	96
1482829724.59	97
1482829800.95	97
1482829877.46	98
1482829954.33	98
1482830030.36	98
1482830107.6	99
1482830183.94	99
1482830262.4	99
1482830340.31	99
1482830417.38	99
1482830493.5	99
1482830568.28	99
1482830642.55	99
1482830720.19	99
1482830796.15	99
1482830870.76	99
1482830950.02	99
1482831024.62	99
1482831102.0	99
1482831180.45	98
1482831261.11	98
1482831344.79	98
1482831426.17	98
1482831505.64	99
1482831583.64	99
1482831669.59	100
1482831746.54	100
1482831824.5	100
1482831902.14	100
1482831979.09	100
1482832056.21	100
1482832136.05	100
1482832216.41	100
1482832293.07	100
1482832371.93	100
1482832450.95	100
1482832528.38	100
1482832605.73	100
1482832682.59	100
1482832759.68	100
1482832841.08	100
1482832918.77	100
1482832996.38	100
1482833073.05	102
1482833150.02	91
1482833232.22	91
1482833312.69	91
1482833393.28	91
1482833474.36	91
1482833565.77	91
1482833646.11	91
1482833738.38	92
1482833822.65	92
1482833901.82	92
1482833980.76	92
1482834059.56	93
1482834145.47	94
1482834226.16	94
1482834308.05	94
1482834388.56	94
1482834467.29	94
1482834545.11	94
1482834625.14	94
1482834707.7	94
1482834786.37	94
1482834863.42	94
1482834940.91	94
1482835021.37	94
1482835101.57	94
1482835179.47	94
1482835259.93	84
1482835341.4	84
1482835424.23	84
1482835506.88	85
1482835588.73	85
1482835667.96	85
1482835745.29	85
1482835823.08	85
1482835900.6	85
1482835985.81	85
1482836063.12	85
1482836142.47	85
1482836227.7	86
1482836305.67	86
1482836384.32	86
1482836462.58	86
1482836540.65	86
1482836618.52	86
1482836695.1	86
1482836771.76	86
1482836848.85	87
1482836926.19	87
1482837003.39	87
1482837079.61	87
1482837156.94	78
1482837235.34	78
1482837313.34	78
1482837391.77	78
1482837468.63	78
1482837546.51	78
1482837624.54	79
1482837706.59	80
1482837783.46	80
1482837863.46	80
1482837941.57	80
1482838021.96	80
1482838099.83	80
1482838178.65	80
1482838258.97	80
1482838344.92	80
1482838423.19	80
1482838501.17	80
1482838579.6	80
1482838656.79	80
1482838733.67	80
1482838812.22	80
1482838888.75	81
1482838964.84	81
1482839041.48	81
1482839118.78	81
1482839199.16	73
1482839280.49	73
1482839362.39	73
1482839444.47	73
1482839531.25	73
1482839610.74	73
1482839689.39	73
1482839768.27	73
1482839847.11	73
1482839926.18	73
1482840007.42	73
1482840112.07	73
1482840192.84	73
1482840273.98	73
1482840366.55	73
1482840447.11	73
1482840526.86	74
1482840610.36	74
1482840688.36	75
1482840766.72	75
1482840850.21	75
1482840927.82	76
1482841011.17	76
1482841092.89	76
1482841171.07	76
1482841253.27	76
1482841330.71	76
1482841410.76	76
1482841493.41	68
1482841575.82	68
1482841657.15	68
1482841738.72	68
1482841820.91	68
1482841904.08	68
1482841985.54	69
1482842065.97	69
1482842154.25	69
1482842236.79	69
1482842316.6	69
1482842399.16	69
1482842485.95	69
1482842567.16	69
1482842648.62	69
1482842728.92	69
1482842809.57	69
1482842891.18	69
1482842970.69	69
1482843054.96	69
1482843141.67	69
1482843220.4	69
1482843300.9	69
1482843379.68	69
1482843462.93	69
1482843550.16	70
1482843633.82	70
1482843718.15	70
1482843800.88	70
1482843881.54	70
1482843960.35	70
1482844038.2	70
1482844117.04	70
1482844197.69	70
1482844278.09	70
1482844358.91	70
1482844439.28	70
1482844519.68	70
1482844601.49	70
1482844681.47	71
1482844760.88	71
1482844839.24	71
1482844918.54	71
1482844997.74	71
1482845076.03	71
1482845155.33	71
1482845233.96	71
1482845312.09	71
1482845389.63	71
1482845473.84	71
1482845562.42	72
1482845649.09	72
1482845738.77	72
1482845837.56	73
1482845922.74	76
1482846015.41	76
1482846098.53	76
1482846181.26	76
1482846267.26	76
1482846350.17	76
1482846432.23	76
1482846514.88	76
1482846600.38	76
1482846682.91	76
1482846766.17	76
1482846847.9	76
1482846931.79	76
1482847013.46	76
1482847095.32	77
1482847177.44	77
1482847258.54	77
1482847339.77	77
1482847419.84	77
1482847499.91	77
1482847579.03	77
1482847658.34	77
1482847741.88	77
1482847822.71	77
1482847902.31	77
1482847986.37	79
1482848072.87	79
1482848158.82	79
1482848246.73	79
1482848329.64	79
1482848413.03	80
1482848496.87	81
1482848579.29	81
1482848662.02	82
1482848745.91	82
1482848827.97	82
1482848910.37	82
1482848992.86	82
1482849094.47	82
1482849176.73	82
1482849268.84	82
1482849354.03	82
1482849443.46	82
1482849540.71	82
1482849632.67	82
1482849753.55	82
1482849834.83	82
1482849916.74	82
1482850002.02	84
1482850094.06	84
1482850181.35	89
1482850272.21	89
1482850360.03	89
1482850451.62	89
1482850540.66	91
1482850626.21	91
1482850710.74	93
1482850795.91	93
1482850880.75	93
1482850967.73	93
1482851053.72	93
1482851141.05	93
1482851227.39	94
1482851311.29	94
1482851395.66	94
1482851476.53	94
1482851558.82	94
1482851640.05	94
1482851726.85	94
1482851808.38	94
1482851889.94	94
1482851973.64	94
1482852056.13	92
1482852151.62	99
1482852236.03	99
1482852320.18	99
1482852404.82	99
1482852488.22	99
1482852570.71	99
1482852653.6	99
1482852748.47	99
1482852834.29	99
1482852917.13	99
1482853000.3	99
1482853090.69	99
1482853177.29	99
1482853259.85	100
1482853346.75	100
1482853430.64	100
1482853512.9	100
1482853598.28	101
1482853683.22	101
1482853764.14	101
1482853844.83	101
1482853926.22	101
1482854018.93	102
1482854106.4	106
1482854193.58	106
1482854279.16	107
1482854364.72	107
1482854450.76	107
1482854535.48	108
1482854619.82	109
1482854706.74	109
1482854790.74	110
1482854874.28	110
1482854958.91	110
1482855047.68	110
1482855130.81	110
1482855215.09	110
1482855298.79	110
1482855382.61	110
1482855466.69	110
1482855550.45	110
1482855641.59	110
1482855726.03	110
1482855810.85	110
1482855893.99	110
1482855976.25	111
1482856062.88	108
1482856147.8	107
1482856235.65	107
1482856324.53	107
1482856412.14	107
1482856498.29	108
1482856587.38	108
1482856673.58	109
1482856758.63	109
1482856844.5	109
1482856930.62	109
1482857015.46	109
1482857100.39	109
1482857184.6	109
1482857269.42	109
1482857356.89	109
1482857442.07	109
1482857527.62	109
1482857616.36	109
1482857700.9	109
1482857787.19	109
1482857885.81	109
1482857969.65	109
1482858055.68	107
1482858146.37	107
1482858233.06	107
1482858319.87	107
1482858407.36	108
1482858491.47	119
1482858579.88	119
1482858664.62	119
1482858749.4	120
1482858836.87	120
1482858924.49	120
1482859010.44	120
1482859099.59	120
1482859185.06	120
1482859271.81	120
1482859357.81	120
1482859442.91	120
1482859528.4	120
1482859613.23	120
1482859697.57	120
1482859780.56	120
1482859869.21	120
1482859954.28	120
1482860039.8	120
1482860127.11	120
1482860214.96	118
1482860306.59	119
1482860400.08	119
1482860488.86	119
1482860584.61	119
1482860672.76	119
1482860759.0	119
1482860856.21	120
1482860950.18	120
1482861040.01	121
1482861131.29	121
1482861218.67	121
1482861306.32	122
1482861393.68	122
1482861488.66	122
1482861576.53	122
1482861666.04	122
1482861754.16	122
1482861840.58	122
1482861925.9	122
1482862010.39	122
1482862100.33	122
1482862192.96	122
1482862237.58	122
1482862397.44	122
1482862552.92	122
1482862711.16	122
1482862872.06	113
1482863027.75	113
1482863181.19	114
1482863333.65	114
1482863484.88	115
1482863638.31	115
1482863790.04	115
1482863941.67	115
1482864092.9	115
1482864250.69	115
1482864402.28	115
1482864558.18	115
1482864719.62	115
1482864883.17	115
1482865046.59	115
1482865214.25	115
1482865374.64	108
1482865537.64	108
1482865725.77	108
1482865981.69	108
1482866243.8	108
1482866702.98	108
1482866966.67	109
1482867412.88	109
1482867651.35	109
1482867809.09	109
1482867953.49	109
1482868097.56	109
1482868241.64	109
1482868387.25	110
1482868538.27	110
1482868688.26	101
1482868847.12	101
1482868997.32	101
1482869148.21	101
1482869299.26	101
1482869449.57	102
1482869599.2	102
1482869749.25	102
1482869900.17	102
1482870050.66	103
1482870198.98	103
1482870346.26	103
1482870494.03	103
1482870642.72	103
1482870790.85	103
1482870944.01	100
1482871096.67	100
1482871248.51	100
1482871400.25	101
1482871550.82	101
1482871701.63	101
1482871851.79	101
1482872001.46	102
1482872151.29	102
1482872299.48	103
1482872446.95	103
1482872594.93	103
1482872742.66	103
1482872893.57	100
1482873045.73	101
1482873197.4	101
1482873347.4	102
1482873497.53	104
1482873649.13	105
1482873801.14	105
1482873952.3	105
1482874113.14	105
1482874271.05	106
1482874426.59	106
1482874575.24	106
1482874724.99	105
1482874876.01	94
1482875037.81	94
1482875190.18	94
1482875340.83	94
1482875490.82	94
1482875640.7	94
1482875790.13	95
1482875939.63	95
1482876088.56	96
1482876237.96	96
1482876388.36	96
1482876538.01	96
1482876686.09	96
1482876833.13	90
1482876985.04	91
1482877137.66	91
1482877288.9	91
1482877439.25	93
1482877588.72	93
1482877738.28	94
1482877887.4	94
1482878035.2	94
1482878183.96	95
1482878331.61	95
1482878482.14	95
1482878630.41	96
1482878777.27	96
1482878925.09	92
1482879075.38	92
1482879226.64	96
1482879376.24	96
1482879527.08	96
1482879679.18	96
1482879830.99	96
1482879985.24	96
1482880138.58	96
1482880288.33	96
1482880435.88	96
1482880582.31	96
1482880728.53	96
1482880875.4	96
1482881024.7	98
1482881175.36	98
1482881324.68	102
1482881476.06	103
1482881623.98	103
1482881773.17	103
1482881922.47	103
1482882071.1	103
1482882218.39	103
1482882364.09	104
1482882512.51	104
1482882658.36	105
1482882803.48	105
1482882952.86	103
1482883104.76	103
1482883257.9	103
1482883408.37	103
1482883558.6	103
1482883708.43	103
1482883858.16	104
1482884008.02	104
1482884158.05	104
1482884304.57	104
1482884451.29	104
1482884597.43	104
1482884743.21	104
1482884892.01	101
1482885045.83	103
1482885197.32	103
1482885347.27	104
1482885495.6	104
1482885644.4	104
1482885794.83	105
1482885944.96	105
1482886095.13	105
1482886245.12	105
1482886397.63	105
1482886545.7	105
1482886694.05	105
1482886846.05	93
1482886996.71	105
1482887148.59	105
1482887303.32	106
1482887455.47	106
1482887611.65	106
1482887765.34	106
1482887918.07	106
1482888069.55	106
1482888221.13	106
1482888372.39	106
1482888523.62	106
1482888674.25	106
1482888831.19	102
1482888988.95	102
1482889145.3	102
1482889299.01	102
1482889450.47	102
1482889601.76	102
1482889753.56	102
1482889905.42	102
1482890056.89	102
1482890206.31	102
1482890355.01	102
1482890503.8	102
1482890660.65	102
1482890809.56	102
1482890968.25	102
1482891118.44	102
1482891274.94	98
1482891435.37	98
1482891590.79	98
1482891745.43	100
1482891898.47	100
1482892050.61	100
1482892206.66	100
1482892362.61	100
1482892513.76	100
1482892664.11	100
1482892814.3	100
1482892964.87	100
1482893114.51	100
1482893266.32	97
1482893420.21	97
1482893572.9	97
1482893723.83	97
1482893873.98	98
1482894024.54	98
1482894175.22	98
1482894326.04	98
1482894475.72	98
1482894624.01	98
1482894774.4	98
1482894923.2	98
1482895076.75	98
1482895234.24	90
1482895392.95	90
1482895546.27	92
1482895697.05	93
1482895847.04	93
1482895995.73	93
1482896145.68	93
1482896297.58	93
1482896446.76	93
1482896593.82	93
1482896740.66	93
1482896888.99	93
1482897036.32	94
1482897186.4	90
1482897336.35	90
1482897485.73	90
1482897634.24	90
1482897782.72	90
1482897932.32	90
1482898079.89	90
1482898227.58	90
1482898374.9	90
1482898526.26	90
1482898672.42	90
1482898817.8	90
1482898963.24	90
1482899118.27	86
1482899266.34	85
1482899425.09	85
1482899571.46	85
1482899717.94	89
1482899863.8	90
1482900009.86	90
1482900157.51	90
1482900303.48	90
1482900449.07	90
1482900593.39	90
1482900738.77	90
1482900884.58	90
1482901029.74	95
1482901178.72	95
1482901326.53	98
1482901481.07	98
1482901629.0	99
1482901777.23	99
1482901924.84	99
1482902072.65	99
1482902222.49	99
1482902369.91	99
1482902517.12	99
1482902662.11	99
1482902807.95	99
1482902953.22	99
1482903098.61	100
1482903244.6	100
1482903393.37	89
1482903546.16	97
1482903696.67	97
1482903846.22	98
1482903993.85	98
1482904141.94	98
1482904289.31	98
1482904436.95	98
1482904584.14	98
1482904730.68	98
1482904877.75	98
1482905030.0	98
1482905179.16	99
1482905325.06	99
1482905473.58	94
1482905622.92	94
1482905775.95	95
1482905921.34	97
1482906069.31	97
1482906219.6	97
1482906366.18	99
1482906517.69	99
1482906672.65	99
1482906821.16	99
1482906967.06	99
1482907112.17	99
1482907257.73	99
1482907408.45	97
1482907558.14	97
1482907711.48	98
1482907861.62	98
1482908010.41	98
1482908166.28	98
1482908317.82	98
1482908467.13	98
1482908615.98	98
1482908765.38	98
1482908915.54	98
1482909067.34	98
1482909217.52	98
1482909369.58	98
1482909520.27	96
1482909678.21	99
1483191659.36	99
1483191841.92	99
1483192025.93	100
1483192209.44	107
1483192405.53	107
1483192599.05	109
1483192782.81	109
1483192968.75	109
1483193160.94	109
1483193345.89	109
1483193529.85	109
1483193712.91	109
1483193899.69	109
1483194083.22	110
1483194264.7	111
1483194446.34	112
1483194628.01	112
1483194809.88	112
1483194992.55	112
1483195181.43	114
1483195370.38	114
1483195558.67	114
1483195743.11	114
1483195930.44	114
1483196114.53	114
1483196297.72	114
1483196484.0	114
1483196672.37	114
1483196856.68	114
1483197038.5	115
1483197220.51	115
1483197402.96	115
1483197594.12	114
1483197786.68	108
1483197980.58	108
1483198168.86	108
1483198355.23	108
1483198541.01	109
1483198728.77	109
1483198914.83	109
1483199099.99	109
1483199285.78	109
1483199470.34	109
1483199652.11	109
1483199836.93	109
1483200020.34	109
1483200218.95	99
1483200417.32	100
1483200606.01	100
1483200798.82	100
1483200983.14	101
1483201170.53	101
1483201355.54	102
1483201539.45	102
1483201731.25	102
1483201913.75	102
1483202098.82	103
1483202287.8	103
1483202476.41	104
1483202663.2	93
1483202856.0	93
1483203048.07	93
1483203237.72	93
1483203425.31	93
1483203614.44	93
1483203805.81	93
1483204025.32	93
1483204220.48	93
1483204408.95	93
1483204594.36	93
1483204781.68	93
1483204967.96	94
1483205154.37	94
1483205343.13	94
1483205528.51	94
1483205717.94	84
1483205906.16	84
1483206095.48	84
1483206284.42	84
1483206473.14	84
1483206660.56	85
1483206850.1	85
1483207036.95	86
1483207221.31	86
1483207408.97	86
1483207595.93	86
1483207782.14	86
1483207968.36	86
1483208158.34	86
1483208345.63	77
1483208538.89	78
1483208730.28	78
1483208922.59	78
1483209112.0	78
1483209304.78	78
1483209496.09	78
1483209686.67	78
1483209875.28	78
1483210063.6	78
1483210249.51	78
1483210440.75	78
1483210628.44	70
1483210819.17	70
1483211014.26	70
1483211205.67	71
1483211400.88	71
1483211591.71	72
1483211783.33	73
1483211972.46	73
1483212162.1	73
1483212352.87	74
1483212544.53	74
1483212734.25	74
1483212922.65	66
1483213117.26	66
1483213310.33	66
1483213499.95	66
1483213688.01	66
1483213875.62	66
1483214063.34	66
1483214250.49	66
1483214436.59	66
1483214621.32	66
1483214804.75	66
1483214988.13	66
1483215172.83	66
1483215359.49	66
1483215549.98	61
1483215742.74	61
1483215934.0	61
1483216122.81	61
1483216317.57	61
1483216505.58	61
1483216693.09	61
1483216877.69	61
1483217059.68	61
1483217241.32	61
1483217422.72	61
1483217605.74	61
1483217792.2	58
1483217978.66	58
1483218164.23	58
1483218349.5	58
1483218535.46	59
1483218719.37	59
1483218904.03	59
1483219086.64	59
1483219266.6	59
1483219447.3	59
1483219625.26	59
1483219810.16	59
1483220001.07	58
1483220191.39	58
1483220380.02	58
1483220565.19	58
1483220750.63	58
1483220935.31	58
1483221120.13	58
1483221300.77	59
1483221479.65	59
1483221658.23	59
1483221837.2	59
1483222020.16	59
1483222203.39	56
1483222386.16	56
1483222568.87	56
1483222749.88	56
1483222930.64	57
1483223109.95	57
1483223289.68	57
1483223467.88	58
1483223645.79	58
1483223821.05	59
1483223996.95	59
1483224174.45	59
1483224351.54	59
1483224531.12	56
1483224712.01	56
1483224892.84	56
1483225071.11	57
1483225250.2	59
1483225434.45	61
1483225619.42	61
1483225799.72	61
1483225972.87	61
1483226143.94	61
1483226310.47	61
1483226476.84	61
1483226645.68	57
1483226817.53	57
1483226995.94	57
1483227179.51	57
1483227354.64	57
1483227526.06	58
1483227697.28	58
1483227871.02	58
1483228038.21	58
1483228205.19	58
1483228373.52	58
1483228539.21	58
1483228705.47	58
1483228876.46	58
1483229048.99	58
1483229220.41	58
1483229391.75	58
1483229560.14	58
1483229734.35	58
1483229909.32	58
1483230080.31	58
1483230249.13	58
1483230413.66	58
1483230581.95	58
1483230747.45	58
1483230909.79	58
1483231073.55	58
1483231243.64	58
1483231411.62	58
1483231581.62	58
1483231747.62	58
1483231913.87	58
1483232079.71	58
1483232244.58	58
1483232409.51	58
1483232572.38	58
1483232735.07	58
1483232897.25	58
1483233059.27	58
1483233220.73	58
1483233380.73	58
1483233541.74	58
1483233702.19	58
1483233864.85	58
1483234029.51	58
1483234192.93	58
1483234357.14	58
1483234520.13	59
1483234690.78	59
1483234859.56	59
1483235024.04	59
1483235188.02	59
1483235349.8	59
1483235510.58	59
1483235673.02	59
1483235833.86	59
1483235997.85	66
1483236166.19	66
1483236337.21	66
1483236501.62	66
1483236665.62	66
1483236834.39	66
1483237001.52	66
1483237164.98	66
1483237327.09	66
1483237489.75	66
1483237650.82	66
1483237812.1	66
1483237984.89	67
1483238145.69	67
1483238314.03	69
1483238482.82	69
1483238646.46	69
1483238811.91	69
1483238976.52	69
1483239139.69	71
1483239304.86	71
1483239467.72	71
1483239630.56	71
1483239793.2	71
1483239956.84	72
1483240117.45	72
1483240281.24	72
1483240444.83	71
1483240612.41	82
1483240780.87	82
1483240948.27	82
1483241113.06	82
1483241276.69	82
1483241440.27	82
1483241603.97	82
1483241768.03	82
1483241938.12	82
1483242099.55	82
1483242261.22	82
1483242421.38	82
1483242586.36	82
1483242756.84	87
1483242924.78	87
1483243092.01	87
1483243256.96	87
1483243421.4	87
1483243586.25	87
1483243751.48	87
1483243914.11	87
1483244081.24	87
1483244241.95	87
1483244411.28	87
1483244572.91	88
1483244733.9	88
1483244894.77	88
1483245059.12	93
1483245225.97	93
1483245397.11	93
1483245567.89	93
1483245733.51	93
1483245905.1	94
1483246066.09	94
1483246236.63	94
1483246398.11	94
1483246560.3	94
1483246720.05	94
1483246879.42	94
1483247038.48	94
1483247197.21	87
1483247365.06	87
1483247531.28	88
1483247703.69	88
1483247867.97	88
1483248031.88	88
1483248205.34	88
1483248371.93	88
1483248536.56	88
1483248699.66	89
1483248861.84	89
1483249024.14	89
1483249187.38	89
1483249349.16	89
1483249522.0	94
1483249687.76	94
1483249878.61	94
1483250043.79	94
1483250207.27	94
1483250379.77	94
1483250549.97	94
1483250713.42	94
1483250875.1	94
1483251036.2	94
1483251199.44	94
1483251359.8	94
1483251519.82	94
1483251679.66	87
1483251844.96	86
1483252013.45	86
1483252190.36	86
1483252363.32	86
1483252526.94	86
1483252697.91	86
1483252863.67	86
1483253032.91	86
1483253208.28	86
1483253374.83	86
1483253540.52	86
1483253700.6	86
1483253861.41	86
1483254023.77	86
1483254192.1	86
1483254357.03	86
1483254524.59	86
1483254691.67	86
1483254858.54	86
1483255024.1	86
1483255187.27	86
1483255353.4	86
1483255520.25	86
1483255682.75	86
1483255855.9	86
1483256027.17	86
1483256191.48	86
1483256355.15	77
1483256517.34	77
1483256682.4	77
1483256844.06	78
1483257012.11	78
1483257176.42	78
1483257349.12	78
1483257510.17	78
1483257670.56	78
1483257831.09	78
1483257993.26	78
1483258156.52	78
1483258317.35	78
1483258477.1	78
1483258645.48	73
1483258812.54	72
1483258978.75	72
1483259141.26	75
1483259306.27	75
1483259469.73	75
1483259631.3	75
1483259793.09	75
1483259953.96	76
1483260112.4	76
1483260271.34	76
1483260429.04	76
1483260586.68	76
1483260743.14	76
1483260905.18	74
1483261070.54	74
1483261236.08	74
1483261400.1	75
1483261563.27	77
1483261726.5	77
1483261890.98	78
1483262066.54	78
1483262234.69	78
1483262396.24	78
1483262556.75	78
1483262716.98	78
1483262875.8	78
1483263036.32	76
1483263201.79	76
1483263369.4	78
1483263533.55	78
1483263696.61	78
1483263859.68	78
1483264021.68	78
1483264184.16	78
1483264345.96	78
1483264507.42	78
1483264668.51	78
1483264827.21	79
1483264986.58	79
1483265146.18	79
1483265308.64	74
1483265475.26	78
1483265641.65	78
1483265805.96	78
1483265974.05	78
1483266137.08	78
1483266299.28	78
1483266460.15	78
1483266624.53	78
1483266784.56	78
1483266944.78	78
1483267101.78	78
1483267259.83	78
1483267418.13	78
1483267582.06	79
1483267755.59	79
1483267935.71	79
1483268108.1	81
1483268271.26	81
1483268436.65	81
1483268600.88	81
1483268764.47	81
1483268927.22	81
1483269091.47	81
1483269252.56	82
1483269436.21	82
1483269609.68	84
1483269788.05	84
1483269955.77	77
1483270128.19	77
1483270315.12	77
1483270488.8	77
1483270658.23	77
1483270826.21	78
1483270994.37	78
1483271163.88	77
1483271334.55	76
1483271499.51	77
1483271672.88	78
1483271842.42	78
1483272021.57	79
1483272188.55	79
1483272357.27	74
1483272535.69	74
1483272715.38	74
1483272884.5	74
1483273056.44	74
1483273226.78	74
1483273395.32	74
1483273561.64	74
1483273726.25	74
1483273889.0	74
1483274050.89	74
1483274212.12	74
1483274373.54	74
1483274535.48	74
1483274700.4	78
1483274867.53	78
1483275038.5	78
1483275207.88	78
1483275378.69	78
1483275545.67	78
1483275713.69	78
1483275880.6	78
1483276052.46	79
1483276220.96	79
1483276391.92	79
1483276557.25	80
1483276725.45	82
1483276891.97	82
1483277064.0	84
1483277245.16	84
1483277424.9	84
1483277608.0	85
1483277775.06	85
1483277944.27	86
1483278112.63	86
1483278279.5	86
1483278444.56	86
1483278609.24	86
1483278773.22	86
1483278938.39	86
1483279103.28	86
1483279266.71	86
1483279433.21	86
1483279600.86	85
1483279774.76	85
1483279949.23	85
1483280123.27	85
1483280295.27	85
1483280466.85	85
1483280637.29	85
1483280818.08	85
1483280987.48	85
1483281154.13	85
1483281324.11	85
1483281487.4	85
1483281650.91	85
1483281823.7	85
1483281990.4	85
1483282153.45	85
1483282319.74	78
1483282498.64	81
1483282669.7	81
1483282838.17	82
1483283012.24	82
1483283185.69	82
1483283354.52	82
1483283523.71	82
1483283691.59	82
1483283856.16	82
1483284020.24	82
1483284184.34	82
1483284357.09	82
1483284523.23	82
1483284701.8	82
1483284866.22	82
1483285034.63	82
1483285200.7	83
1483285366.46	83
1483285532.19	81
1483285707.82	83
1483285884.24	83
1483286057.07	84
1483286231.97	84
1483286408.28	84
1483286582.21	85
1483286758.57	85
1483286929.0	85
1483287099.38	85
1483287272.21	85
1483287440.36	85
1483287607.5	85
1483287773.9	85
1483287945.33	86
1483288119.82	86
1483288292.8	87
1483288463.68	87
1483288640.87	87
1483288819.37	88
1483288987.87	88
1483289157.53	88
1483289324.81	88
1483289497.96	88
1483289665.84	88
1483289832.3	88
1483290002.83	88
1483290173.55	88
1483290344.91	83
1483290515.97	83
1483290687.81	83
1483290865.08	83
1483291049.8	83
1483291217.82	85
1483291385.26	85
1483291553.51	85
1483291722.13	85
1483291891.53	85
1483292061.35	85
1483292228.3	85
1483292398.91	86
1483292565.35	86
1483292734.9	84
1483292910.69	84
1483293084.93	84
1483293257.27	84
1483293429.96	84
1483293606.79	85
1483293783.87	85
1483293955.39	85
1483294124.31	85
1483294295.93	85
1483294469.94	85
1483294637.88	85
1483294807.21	86
1483294977.82	86
1483295149.56	86
1483295331.65	91
1483295509.58	91
1483295683.74	91
1483295857.33	91
1483296030.86	91
1483296204.02	91
1483296376.68	92
1483296547.26	93
1483296717.67	93
1483296885.34	93
1483297055.45	93
1483297229.04	93
1483297400.03	93
1483297574.48	87
1483297752.48	87
1483297937.39	87
1483298115.55	87
1483298297.79	87
1483298476.61	87
1483298649.54	87
1483298820.6	87
1483298989.98	87
1483299167.1	87
1483299335.26	87
1483299504.73	87
1483299675.84	87
1483299850.22	87
1483300035.51	90
1483300218.72	90
1483300401.64	90
1483300581.0	90
1483300758.83	90
1483300937.89	91
1483301115.24	91
1483301292.75	92
1483301471.14	92
1483301653.16	92
1483301833.74	92
1483302006.2	92
1483302181.36	92
1483302356.42	82
1483302535.09	82
1483302712.38	82
1483302888.28	83
1483303069.11	84
1483303243.05	84
1483303416.91	84
1483303591.87	84
1483303764.22	84
1483303934.99	84
1483304105.12	84
1483304276.39	84
1483304448.24	81
1483304626.1	81
1483304806.32	93
1483304992.48	93
1483305172.71	93
1483305362.93	93
1483305545.6	95
1483305724.31	95
1483305899.67	95
1483306072.72	95
1483306244.94	95
1483306422.13	95
1483306600.94	95
1483306770.73	89
1483306947.67	88
1483307125.2	92
1483307306.76	92
1483307486.85	92
1483307666.27	92
1483307845.41	93
1483308028.77	93
1483308208.27	93
1483308391.54	93
1483308568.17	93
1483308747.5	93
1483308929.99	93
1483309111.88	93
1483309287.7	93
1483309465.24	94
1483309645.59	85
1483309830.62	85
1483310019.41	85
1483310209.81	86
1483310401.95	86
1483310581.14	87
1483310761.54	87
1483310941.71	87
1483311119.08	87
1483311294.91	87
1483311469.13	87
1483311643.46	87
1483311816.01	87
1483312000.56	87
1483312184.45	78
1483312374.69	82
1483312556.09	82
1483312734.13	82
1483312914.2	82
1483313089.47	82
1483313267.95	82
1483313443.23	82
1483313622.34	82
1483313793.34	82
1483313964.74	82
1483314136.56	82
1483314308.35	87
1483314487.08	87
1483314667.44	86
1483314846.83	87
1483315033.63	88
1483315216.71	88
1483315396.58	88
1483315575.53	88
1483315755.47	88
1483315938.2	88
1483316114.25	88
1483316288.39	88
1483316464.08	88
1483316642.99	89
1483316831.4	89
1483317018.2	89
1483317194.17	89
1483317371.89	89
1483317549.82	89
1483317725.64	89
1483317900.77	89
1483318074.95	90
1483318247.23	90
1483318418.62	90
1483318589.31	90
1483318760.98	90
1483318932.31	90
1483319104.47	90
1483319303.41	80
1483319504.12	87
1483319700.73	86
1483319900.42	87
1483320076.11	87
1483320257.75	87
1483320439.66	87
1483320620.85	87
1483320793.14	87
1483320969.89	87
1483321141.72	87
1483321315.48	87
1483321487.52	87
1483321664.21	79
1483321848.08	78
1483322028.52	77
1483322210.08	76
1483322387.01	77
1483322562.74	77
1483322740.23	77
1483322916.44	77
1483323094.0	77
1483323263.01	77
1483323432.38	77
1483323600.12	77
1483323767.09	77
1483323937.89	75
1483324112.69	74
1483324292.75	73
1483324469.62	73
1483324640.51	73
1483324814.92	74
1483324995.63	74
1483325170.43	74
1483325341.06	74
1483325510.42	74
1483325684.53	74
1483325853.19	74
1483326019.37	74
1483326191.8	73
1483326368.83	72
1483326545.18	71
1483326718.59	75
1483326890.86	75
1483327063.53	75
1483327233.02	75
1483327404.36	75
1483327572.19	75
1483327737.79	75
1483327908.13	75
1483328074.67	75
1483328239.95	75
1483328409.3	72
1483328583.31	70
1483328756.38	71
1483328934.74	71
1483329106.97	71
1483329289.49	72
1483329463.94	72
1483329633.33	72
1483329802.1	72
1483329970.35	72
1483330140.97	72
1483330309.2	72
1483330476.99	72
1483330645.81	66
1483330821.44	67
1483331000.99	67
1483331176.47	67
1483331347.34	67
1483331518.58	68
1483331687.39	68
1483331861.36	68
1483332033.95	68
1483332211.69	68
1483332380.87	68
1483332549.13	68
1483332712.27	68
1483332872.31	68
1483333032.7	74
1483333210.07	82
1483333388.56	82
1483333559.1	82
1483333722.46	82
1483333883.86	82
1483334044.5	82
1483334214.14	82
1483334370.61	82
1483334527.55	82
1483334682.58	82
1483334836.72	82
1483334990.96	82
1483335146.8	82
1483335305.05	82
1483335471.96	83
1483335651.0	83
1483335821.89	83
1483335986.74	83
1483336163.25	83
1483336330.78	84
1483336496.63	84
1483336666.62	84
1483336847.71	84
1483337020.74	84
1483337199.34	84
1483337363.56	84
1483337526.98	84
1483337694.92	84
1483337878.37	84
1483338056.61	88
1483338236.42	88
1483338412.65	90
1483338585.15	90
1483338758.8	90
1483338930.79	90
1483339100.67	90
1483339266.04	90
1483339429.86	90
1483339593.4	90
1483339767.16	90
1483339932.17	90
1483340097.62	90
1483340277.05	90
1483340459.56	90
1483340634.28	90
1483340801.19	92
1483340978.11	92
1483341159.04	92
1483341328.05	92
1483341492.47	92
1483341655.78	92
1483341819.17	92
1483341984.38	93
1483342155.55	94
1483342342.36	91
1483342516.76	96
1483342696.82	95
1483342879.48	94
1483343048.49	94
1483343218.83	94
1483343393.51	94
1483343562.13	94
1483343727.92	94
1483343893.12	94
1483344063.78	94
1483344245.59	94
1483344419.64	95
1483344582.41	95
1483344745.21	95
1483344912.97	92
1483345083.25	95
1483345257.04	95
1483345426.9	95
1483345595.52	95
1483345763.14	95
1483345930.31	95
1483346096.38	96
1483346265.53	98
1483346433.12	98
1483346598.9	98
1483346765.33	98
1483346929.38	98
1483347096.52	98
1483347260.7	98
1483347430.41	88
1483347616.68	88
1483347805.58	89
1483347990.12	89
1483348164.13	89
1483348334.23	89
1483348503.79	89
1483348673.06	89
1483348844.72	89
1483349009.99	89
1483349174.9	90
1483349343.07	90
1483349516.32	91
1483349684.73	91
1483349850.7	91
1483350017.32	91
1483350188.18	81
1483350363.69	81
1483350546.63	88
1483350727.66	88
1483350901.89	88
1483351076.85	88
1483351252.75	88
1483351437.2	88
1483351615.87	88
1483351783.28	88
1483351952.06	88
1483352118.53	88
1483352284.25	88
1483352450.95	88
1483352624.91	81
1483352803.22	81
1483352981.31	81
1483353156.17	81
1483353325.18	81
1483353496.91	82
1483353668.85	83
1483353839.49	83
1483354007.63	83
1483354176.19	83
1483354342.73	83
1483354509.42	83
1483354677.4	83
1483354846.3	83
1483355019.67	83
1483355206.27	75
1483355389.93	78
1483355566.57	78
1483355741.83	78
1483355915.18	78
1483356089.8	78
1483356282.54	78
1483356455.05	78
1483356624.22	78
1483356799.09	78
1483356965.18	78
1483357132.17	79
1483357299.0	79
1483357468.96	79
1483357642.83	80
1483357826.9	72
1483358013.57	73
1483358192.73	73
1483358377.07	73
1483358589.08	73
1483358768.43	74
1483358943.3	74
1483359116.16	74
1483359286.97	74
1483359459.41	75
1483359626.95	75
1483359796.28	75
1483359966.64	75
1483360138.41	75
1483360314.67	75
1483360494.42	76
1483360679.45	76
1483360856.53	76
1483361031.53	76
1483361208.55	76
1483361386.12	76
1483361572.08	76
1483361747.72	76
1483361919.88	76
1483362097.44	76
1483362278.25	76
1483362459.35	76
1483362636.52	79
1483362810.22	79
1483362985.98	79
1483363178.09	82
1483363360.64	82
1483363538.33	82
1483363716.1	82
1483363893.14	82
1483364070.18	82
1483364245.31	83
1483364419.49	83
1483364593.33	83
1483364764.97	83
1483364938.83	83
1483365111.42	83
1483365283.22	83
1483365456.18	83
1483365631.49	79
1483365824.63	79
1483366020.39	79
1483366199.35	79
1483366377.15	79
1483366554.14	79
1483366732.76	80
1483366910.07	81
1483367092.02	81
1483367267.03	82
1483367442.38	82
1483367615.7	82
1483367789.9	82
1483367967.7	82
1483368145.89	85
1483368327.39	86
1483368508.57	86
1483368688.82	86
1483368867.81	86
1483369047.61	86
1483369229.41	86
1483369420.55	86
1483369599.6	86
1483369775.13	86
1483369950.36	86
1483370125.11	86
1483370301.07	86
1483370477.59	86
1483370661.06	83
1483370848.66	89
1483371032.42	89
1483371215.93	91
1483371399.66	92
1483371583.91	92
1483371766.86	93
1483371966.98	93
1483372146.13	93
1483372323.79	93
1483372501.61	93
1483372680.48	93
1483372857.97	93
1483373036.54	93
1483373229.13	90
1483373412.76	90
1483373609.09	94
1483373794.16	94
1483373975.58	94
1483374170.27	96
1483374349.09	96
1483374533.72	96
1483374712.39	97
1483374889.74	97
1483375072.24	98
1483375251.2	98
1483375430.51	98
1483375608.2	98
1483375805.84	88
1483375992.65	88
1483376175.31	93
1483376356.93	93
1483376539.29	93
1483376717.58	93
1483376905.28	93
1483377086.67	93
1483377264.69	93
1483377445.4	93
1483377619.95	93
1483377794.33	93
1483377969.01	93
1483378141.74	93
1483378322.87	99
1483378504.03	100
1483378683.04	100
1483378859.21	100
1483379039.74	100
1483379231.42	100
1483379411.57	101
1483379586.19	101
1483379759.83	103
1483379933.51	103
1483380109.67	103
1483380284.05	103
1483380460.25	103
1483380637.36	103
1483380811.43	103
1483380991.63	103
1483381174.68	104
1483381355.26	104
1483381536.6	104
1483381718.4	105
1483381986.52	105
1483382173.77	106
1483382353.12	106
1483382533.04	106
1483382715.43	106
1483382895.27	106
1483383075.69	107
1483383255.1	107
1483383433.39	107
1483383610.88	107
1483383796.15	97
1483383981.42	97
1483384165.4	97
1483384343.63	97
1483384522.17	97
1483384698.94	97
1483384876.8	98
1483385055.13	98
1483385232.67	99
1483385409.83	99
1483385591.24	99
1483385770.92	99
1483385945.75	99
1483386120.42	99
1483386297.62	91
1483386482.96	91
1483386671.51	92
1483386856.79	92
1483387036.43	92
1483387214.54	92
1483387405.82	94
1483387583.66	94
1483387760.63	95
1483387937.89	95
1483388115.79	95
1483388291.38	95
1483388464.49	95
1483388638.77	95
1483388813.11	95
1483388990.85	94
1483389172.24	94
1483389349.67	94
1483389526.09	95
1483389704.32	95
1483389888.21	95
1483390066.13	95
1483390240.79	97
1483390413.96	97
1483390588.08	97
1483390762.25	98
1483390933.57	98
1483391109.98	98
1483391308.18	93
1483391495.4	102
1483391675.84	102
1483391858.23	102
1483392038.13	102
1483392216.59	102
1483392398.0	103
1483392576.2	103
1483392754.5	103
1483392930.41	103
1483393104.9	103
1483393279.84	104
1483393456.55	104
1483393631.93	104
1483393809.62	100
1483393991.48	111
1483394182.0	111
1483394364.65	111
1483394541.05	112
1483394717.83	115
1483394895.26	115
1483395072.97	115
1483395258.41	115
1483395433.28	115
1483395613.99	115
1483395789.65	115
1483395964.66	115
1483396139.52	115
1483396311.84	116
1483396495.27	109
1483396681.39	111
1483396867.17	111
1483397049.18	111
1483397229.29	111
1483397409.02	112
1483397594.02	112
1483397778.06	112
1483397954.12	112
1483398130.41	112
1483398307.51	112
1483398482.2	113
1483398658.31	116
1483398851.95	116
1483399049.03	115
1483399245.74	116
1483399429.53	117
1483399622.09	117
1483399802.64	117
1483399986.27	117
1483400165.86	117
1483400348.04	117
1483400527.2	117
1483400706.55	117
1483400887.5	117
1483401075.47	115
1483401262.67	116
1483401444.15	116
1483401628.45	116
1483401810.39	116
1483401992.51	116
1483402194.82	116
1483402376.39	116
1483402558.96	116
1483402735.66	116
1483402918.69	116
1483403094.68	116
1483403269.45	117
1483403449.44	113
1483403640.85	117
1483403820.54	117
1483404000.85	118
1483404187.11	118
1483404366.78	118
1483404545.19	118
1483404723.26	118
1483404899.43	118
1483405075.42	119
1483405263.85	119
1483405441.79	119
1483405618.54	119
1483405805.56	116
1483405987.62	116
1483406168.56	116
1483406348.83	116
1483406528.6	116
1483406708.76	116
1483406888.38	116
1483407068.43	116
1483407244.35	116
1483407423.69	116
1483407628.0	116
1483407828.43	116
1483408014.06	113
1483408237.42	116
1483408425.87	116
1483408610.46	116
1483408790.1	116
1483408972.92	116
1483409153.68	116
1483409336.18	116
1483409515.21	116
1483409691.58	116
1483409869.41	116
1483410043.87	116
1483410217.35	116
1483410399.25	116
1483410601.83	103
1483410813.14	103
1483411012.32	109
1483411211.09	109
1483411405.7	109
1483411594.47	109
1483411776.86	109
1483411962.44	109
1483412141.89	109
1483412320.7	109
1483412494.27	109
1483412668.84	109
1483412848.28	101
1483413038.85	101
1483413227.24	101
