811817594
811817706
811824119
811845698
811862032
811872268
811874963
811878557
811883484
811885579
811888759
811890622
811890924
811891180
811894632
811895652
811898975
811904364
811911472
811914050
811917756
811921715
811922388
811923949
811927871
811928252
811930296
811931977
811933184
811933525
811936103
811938955
811939028
811941091
811941487
811945373
811949092
811951699
811951828
811954770
811961145
811963116
811970220
811970769
811973692
811974703
811975401
811976810
811980478
811986711
811987059
811988239
811989077
811991883
811995456
812001786
812003034
812003220
812008058
812008920
812009228
812009696
812009850
812011040
812011145
812011830
812014704
812015246
812016614
812017978
812018324
812018567
812019388
812020864
812021053
812021153
812023233
812023391
812025267
812028486
812030098
812030733
812031721
812032287
812033277
812034080
812034909
812039606
812042508
812044065
812044813
812045567
812045867
812046613
812049582
812049875
812050067
812050732
812052209
812052289
812053498
812054204
812054267
812055322
812057558
812058554
812059954
812060469
812060935
812061335
812061676
812063401
812064182
812066050
812068910
812069475
812071821
812072897
812073457
812074210
812076803
812076889
812077301
812077817
812078424
812079482
812082579
812084023
812084243
812084460
812084677
812085461
812087101
812087717
812087829
812087856
812088505
812088543
812088806
812089316
812090681
812090757
812092881
812094932
812095044
812095930
812097001
812097544
812098980
812099094
812100394
812100534
812100945
812101533
812102758
812103307
812103309
812103405
812104126
812105210
812107667
812107803
812108408
812109262
812111502
812112685
812113242
812113294
812113493
812115625
812116457
812116558
812117260
812117964
812118182
812120001
812120480
812122889
812123090
812125316
812125483
812127314
812130516
812132349
812134686
812135951
812137343
812137415
812137636
812139837
812140720
812141856
812142464
812143199
812144452
812144763
812145660
812145677
812146412
812146502
812146823
812146898
812148034
812148491
812148668
812149039
812149154
812149812
812150764
812150964
812152408
812153651
812153906
812154652
812154861
812155482
812156337
812157875
812158149
812160531
812160641
812161007
812162512
812162550
812162870
812164350
812165978
812167406
812167961
812168523
812171136
812173343
812173592
812174195
812174218
812176821
812179014
812179286
812179938
812180076
812181413
812183263
812185906
812186000
812187000
812188040
812189509
812192658
812193260
812194275
812197121
812197219
812197588
812198022
812198469
812198817
812199500
812199898
812204255
812205238
812206783
812207007
812208142
812208459
812209093
812209175
812209228
812209760
812209784
812210010
812211047
812211312
812211952
812213527
812214836
812214850
812216076
812216975
812217532
812217944
812221166
812221724
812223209
812224822
812225513
812226475
812226717
812226891
812227167
812227213
812227708
812228154
812228468
812229250
812230526
812231340
812232484
812232552
812232917
812233185
812234689
812238720
812239365
812239583
812239597
812239818
812240091
812240375
812241020
812241453
812242858
812244471
812245450
812247938
812250456
812251474
812252952
812253210
812253476
812254771
812254939
812255022
812255571
812255572
812255582
812255688
812256006
812257466
812257604
812258074
812260153
812260716
812261031
812262080
812262739
812262964
812264292
812264580
812265984
812268724
812269244
812269421
812270084
812271979
812272443
812272880
812273917
812274087
812274213
812274321
812275131
812275270
812275992
812276086
812278363
812278412
812279873
812280271
812280412
812280592
812280685
812281135
812281147
812281172
812281712
812282306
812283012
812283692
812284738
812285087
812285169
812285489
812286317
812288566
812288649
812288824
812289093
812289659
812290418
812291409
812292037
812293489
812293714
812295488
812295658
812295962
812296810
812296946
812297377
812298390
812298640
812298790
812298995
812300873
812302301
812306082
812306088
812307876
812308715
812310539
812313679
812317328
812320164
812321534
812322921
812322956
812324059
812325283
812325934
812327971
812328964
812329579
812329708
812329876
812331209
812331613
812332970
812333682
812333939
812334497
812334579
812335198
812335766
812337039
812341334
812345367
812345566
812345628
812345716
812345785
812346430
812346730
812348047
812349387
812349626
812350121
812350920
812351158
812353273
812354450
812357413
812357504
812360333
812360828
812361124
812361682
812362084
812363854
812365226
812366611
812366919
812367713
812368931
812369563
812370546
812373730
812374298
812374595
812376117
812378025
812379680
812380272
812385364
812385547
812390578
812392396
812393065
812394454
812396056
812396789
812397400
812397936
812399440
812401096
812401660
812401749
812403390
812405041
812406507
812409457
812412438
812416602
812417012
812418250
812418691
812421312
812422765
812423503
812428284
812429712
812430003
812430190
812431136
812433289
812436666
812436805
812438781
812439767
812441228
812441908
812442939
812445560
812446093
812451174
812457148
812457832
812457957
812457974
812459933
812460447
812461122
812461268
812462933
812464413
812478265
812478705
812479816
812479982
812480690
812481517
812481901
812481943
812483639
812484392
812485863
812487424
812488441
812490564
812495368
812495645
812495658
812495671
812496335
812499127
812499274
812500579
812501697
812502536
812504023
812506043
812509066
812509893
812511196
812511959
812512343
812513497
812514242
812514339
812515229
812516228
812518535
812518563
812519621
812520296
812522461
812523353
812525920
812527352
812528442
812528566
812529283
812529747
812530460
812530715
812531838
812532064
812532410
812532563
812532890
812533711
812533848
812535660
812536562
812537544
812537711
812538012
812539857
812539945
812541034
812541839
812541996
812543337
812544708
812545800
812546256
812547584
812548654
812550430
812550547
812550975
812552099
812552342
812553395
812553475
812553760
812554846
812554930
812556193
812557024
812558867
812558884
812561307
812562400
812564151
812564211
812564383
812564447
812564976
812565231
812566503
812568049
812568098
812568229
812569145
812570574
812571938
812572384
812573619
812574822
812575260
812577592
812578137
812579210
812580269
812582450
812587399
812587415
812587446
812588682
812588752
812590586
812590951
812592105
812592338
812592368
812592952
812597628
812598895
812600842
812601187
812602602
812606518
812607667
812609792
812612740
812614352
812616567
812617494
812617742
812619532
812621865
812622316
812626051
812632295
812634303
812635246
812637091
812637445
812638771
812638820
812640553
812640981
812641252
812643344
812643767
812644373
812645804
812647254
812647285
812647780
812648434
812648475
812648568
812648736
812648895
812651312
812652459
812653389
812655528
812655647
812657049
812657102
812657647
812657698
812658135
812658467
812658862
812659515
812663031
812663238
812663259
812665751
812667418
812667511
812667537
812669548
812671952
812672165
812673624
812675484
812675736
812676726
812677933
812679170
812680371
812680605
812682275
812682840
812683779
812684711
812686617
812688723
812689264
812690727
812691542
812693775
812694037
812695726
812695958
812696027
812697394
812699370
812699370
812701283
812701847
812706850
812708241
812709290
812709392
812709424
812702655
812703578
812703670
812703733
812703741
812705483
812705892
812706435
812710245
812710408
812715250
812716607
812717184
812717381
812711253
812711520
812712107
812712643
812713326
812714077
812714085
812715188
812721994
812723755
812724273
812727297
812727632
812729790
812730327
812730382
812737866
812737947
812738313
812738761
812738763
812731148
812731764
812732236
812733813
812734702
812735279
812736172
812737132
812740623
812744424
812746012
812746115
812746123
812747933
812749523
812750849
812751098
812757275
812757338
812757679
812758404
812759707
812759831
812752185
812755110
812755216
812755562
812756126
812756142
812756875
812756934
812760118
812760322
812768049
812768250
812768975
812769271
812769506
812762088
812762095
812762493
812763849
812764311
812764356
812764576
812765427
812770331
812771214
812778158
812778622
812778963
812779703
812779970
812771223
812772288
812772860
812774101
812775442
812776471
812777032
812777791
812780541
812781038
812787320
812789512
812781112
812782308
812783637
812784049
812784604
812785625
812786595
812786818
812791477
812792876
812798809
812798951
812792969
812793625
812793909
812794129
812794201
812796280
812797622
812797713
812802562
812803999
812804927
812805409
812805436
812806111
812808188
812808605
812809894
812810557
812812612
812816149
812817022
812817047
812818271
812819748
812820629
812821555
812821852
812821956
812824339
812825894
812825944
812826615
812827780
812828129
812829454
812829537
812829798
812830497
812831612
812832057
812832641
812833419
812837621
812839652
812840624
812841019
812841167
812841615
812842591
812842718
812843166
812843214
812845137
812845831
812846899
812847811
812850076
812850383
812850945
812852278
812852643
812853126
812853574
812854745
812854776
812855211
812855268
812856276
812856496
812856728
812856887
812857456
812859119
812859685
812859840
812860134
812860426
812860449
812862534
812862967
812864837
812865205
812868815
812869013
812869975
812870437
812871470
812872114
812873303
812874715
812874905
812875061
812876001
812876129
812877959
812878141
812879602
812879808
812879822
812884357
812885564
812886253
812886926
812887162
812887785
812888552
812890324
812891161
812891874
812892581
812892873
812893798
812894073
812894675
812895200
812895877
812897393
812900273
812900335
812901103
812902048
812903200
812906890
812908228
812909844
812911096
812912413
812918832
812919256
812920684
812920801
812920990
812921027
812921343
812924640
812926252
812926467
812927116
812927792
812927899
812930874
812931088
812931211
812932245
812932317
812932738
812934153
812934184
812934380
812934390
812935867
812936963
812937264
812941480
812943416
812945451
812946177
812946776
812947735
812947991
812948027
812948918
812950267
812950746
812951869
812952150
812952944
812953014
812953039
812953116
812955149
812957711
812958541
812958645
812958921
812959943
812961912
812962829
812963234
812965495
812967801
812968943
812968993
812970208
812970518
812970759
812971021
812972184
812972240
812972705
812974510
812974882
812975735
812975796
812977370
812977401
812978529
812978847
812979050
812980354
812980491
812981287
812981571
812981610
812982343
812982785
812984455
812984687
812984916
812985185
812985627
812987372
812987536
812988292
812988994
812990011
812990419
812991251
812991278
812992559
812993324
812993914
812994400
812995393
812998216
812999081
812999630
813000651
813000697
813000830
813001875
813002749
813004307
813004445
813005443
813006072
813006689
813007302
813007345
813007363
813007841
813009259
813009478
813009671
813009883
813010685
813011653
813012249
813012311
813012498
813013298
813013720
813015651
813016329
813017922
813018459
813018778
813021206
813021965
813022921
813023382
813024904
813026371
813028126
813028856
813029974
813031119
813031122
813032587
813033322
813034021
813034372
813035319
813035718
813038186
813039257
813039308
813039622
813040454
813040878
813043921
813048830
813050153
813050460
813051486
813054591
813054635
813056012
813057959
813058417
813059009
813059895
813060496
813060529
813062095
813062767
813063944
813067494
813068144
813068788
813068991
813070460
813071582
813072198
813073108
813073639
813074775
813076010
813078462
813083261
813083431
813084370
813085961
813086487
813087043
813088466
813092257
813095221
813095490
813096810
813098495
813099955
813103288
813104146
813104315
813105454
813105779
813106201
813107717
813108580
813109517
813111144
813111919
813113418
813114471
813117162
813121021
813121807
813122350
813122728
813124347
813125871
813126136
813127140
813127611
813127708
813128813
813129443
813130030
813131070
813132222
813132768
813133368
813133999
813134942
813136347
813136427
813139503
813140742
813141284
813143987
813144164
813144399
813146872
813147217
813147903
813148754
813149064
813150465
813152647
813155024
813155768
813156022
813157097
813159923
813162637
813163725
813164737
813165024
813167276
813168118
813168177
813168446
813177808
813177982
813178103
813180095
813180182
813180187
813181503
813181720
813183790
813184819
813186321
813187189
813189005
813190204
813193409
813193976
813194471
813195500
813196258
813196824
813199025
813200585
813201110
813202564
813203401
813203410
813205253
813205446
813205585
813207892
813208012
813208027
813210216
813210845
813210918
813211178
813211824
813212068
813218499
813219284
813220558
813223151
813223496
813223760
813223821
813224057
813225588
813226379
813227116
813228312
813228559
813229400
813230955
813231483
813233012
813233235
813234165
813236641
813236715
813236794
813239839
813240228
813240607
813241574
813245311
813246441
813246905
813247678
813248266
813250405
813250470
813250499
813251590
813252447
813253421
813253806
813254016
813254171
813254845
813255863
813257831
813257964
813258042
813259715
813263448
813264293
813264623
813268323
813269906
813270574
813271888
813272028
813275021
813276547
813276869
813276938
813277562
813278204
813279543
813282079
813282081
813282370
813283075
813283306
813283475
813284761
813285712
813286317
813287033
813290600
813291746
813292314
813292611
813292971
813294538
813297508
813297673
813298252
813299995
813300165
813301219
813301819
813306332
813309108
813310554
813313901
813315075
813315085
813316150
813316398
813318731
813318736
813326549
813328900
813330137
813330486
813331689
813331840
813334851
813335591
813336382
813338272
813340606
813343848
813344757
813345250
813345441
813346784
813347888
813351032
813354039
813354760
813356540
813356690
813358145
813360512
813362950
813363173
813363218
813363410
813363754
813364410
813364608
813366343
813367413
813367739
813371172
813378206
813378229
813379938
813380584
813381511
813381982
813382070
813382982
813383399
813385851
813387644
813389849
813391757
813392000
813393156
813393524
813397350
813399388
813399409
813399826
813400764
813401174
813402987
813404407
813404574
813404794
813405734
813406057
813406839
813406989
813407706
813408329
813408674
813409243
813410802
813411040
813411153
813413182
813413537
813413770
813415001
813417814
813419011
813419957
813420697
813422512
813423271
813423627
813423853
813424581
813425534
813425858
813425864
813428741
813429768
813431056
813431955
813433269
813434514
813435609
813437052
813437349
813437853
813438493
813439588
813440780
813441248
813441635
813442466
813442998
813443556
813447946
813448587
813450864
813452346
813452488
813452773
813453760
813455793
813455956
813456764
813457101
813457136
813457620
813458698
813459620
813459874
813460102
813461509
813461711
813462685
813463823
813464042
813465896
813467332
813468448
813468906
813468907
813468968
813468973
813469349
813469635
813471061
813471714
813472194
813473177
813473888
813474789
813475838
813476125
813476332
813476912
813478116
813479491
813482437
813483666
813484060
813484390
813487784
813487876
813489976
813490526
813490865
813492216
813492310
813498867
813499182
813499562
813499677
813500081
813501068
813502331
813503447
813506339
813506826
813507800
813512019
813513492
813514669
813518283
813519154
813519274
813523344
813525119
813525139
813526125
813526775
813531343
813531908
813532696
813533671
813535274
813539977
813540740
813542099
813543222
813545094
813547825
813548756
813548797
813549130
813553311
813555030
813556596
813558767
813559204
813559323
813559840
813561450
813561749
813567757
813571014
813576447
813576746
813581439
813581932
813595695
813596568
813597003
813599997
813600607
813605137
813608848
813609200
813614477
813615551
813617010
813617419
813617834
813618202
813624489
813624614
813626455
813627288
813627739
813629475
813629674
813630308
813631679
813632248
813633620
813633807
813635436
813635660
813642852
813644286
813649975
813650945
813652291
813654641
813657695
813658954
813661171
813662595
813664042
813664387
813667559
813669057
813675049
813679781
813680292
813684313
813685405
813687458
813688013
813691981
813702407
813702840
813711304
813745349
813751958
813758017
813772332
813790182
813792717
813797711
813824892
813827258
813869471
813879648
813890149
813919735
813924249
813924896
813985469
813993176
813997439
813999881
814017611
814030714
814033485
814051006
814072054
814076700
814082270
814125581
814160385
