539215903
539228536
539234611
539236038
539237588
539238595
539239697
539249708
539252597
539253615
539254584
539254730
539254751
539254857
539257112
539258620
539260490
539264052
539265691
539266117
539269222
539269252
539270117
539270389
539271149
539271316
539271902
539272201
539273144
539273574
539274124
539274802
539274829
539275540
539275889
539275939
539276629
539277958
539279156
539279447
539279533
539279637
539279993
539280593
539281139
539281477
539281537
539281981
539282133
539282434
539282628
539282743
539282945
539283845
539283953
539284779
539284795
539285148
539286495
539286720
539287103
539287110
539287180
539289077
539289313
539289370
539290211
539290357
539290874
539291048
539291323
539292065
539292138
539292491
539292722
539292991
539293424
539293590
539293720
539293726
539293771
539294436
539294563
539294616
539294704
539294755
539294713
539294857
539295037
539295082
539295084
539295202
539295339
539295453
539295956
539296271
539296669
539296955
539297121
539297340
539297645
539297975
539298512
539298539
539298749
539298950
539299082
539299143
539299298
539299600
539299798
539299965
539299966
539300475
539300533
539300755
539301007
539301168
539301358
539301589
539301605
539301706
539301748
539302089
539302528
539302624
539302849
539302878
539302919
539302930
539302995
539303196
539303567
539303698
539303769
539303864
539304089
539304236
539304291
539304295
539304583
539304801
539304902
539304992
539305065
539305081
539305099
539305914
539306150
539306188
539306250
539306343
539306349
539306517
539306611
539306619
539306673
539306683
539306922
539306928
539306954
539307045
539307069
539307166
539307342
539307367
539307418
539307536
539307688
539307763
539308028
539308393
539308463
539308489
539308535
539308693
539308712
539309088
539309229
539309725
539310353
539311011
539311082
539311462
539311475
539311524
539311760
539311914
539311917
539311994
539312141
539312314
539312465
539312542
539312628
539312656
539312726
539312924
539313124
539313205
539313292
539313361
539313724
539313879
539313889
539313908
539313997
539314340
539314366
539314409
539314537
539315087
539315138
539315290
539315536
539315602
539315624
539315702
539315712
539315874
539316489
539316651
539316706
539316857
539316987
539317151
539317152
539317313
539317388
539317481
539317807
539317907
539318030
539318086
539318255
539318297
539318412
539318489
539318571
539318587
539319023
539319409
539319558
539320010
539320035
539320335
539320406
539320415
539320544
539320701
539320706
539320737
539320922
539321143
539321316
539321436
539321562
539321572
539321743
539321815
539321838
539321899
539321953
539322042
539322599
539322609
539322729
539322734
539322957
539322996
539323051
539323099
539323270
539323501
539323768
539323811
539323859
539324053
539324211
539324287
539324433
539324675
539324853
539325267
539325484
539325705
539326024
539326026
539326585
539327404
539327684
539327740
539327821
539327842
539327885
539327908
539328353
539328616
539328728
539328746
539328816
539328823
539328864
539328948
539329039
539329060
539329076
539329126
539329320
539329400
539329513
539329545
539329570
539329640
539329645
539329766
539329864
539329925
539330048
539330264
539330671
539330700
539330891
539330954
539331064
539331227
539331446
539331548
539331600
539331721
539331769
539331875
539332083
539332091
539332193
539332307
539332353
539332393
539332419
539332590
539332851
539332852
539332996
539333067
539333564
539333581
539333607
539333636
539333740
539334033
539334050
539334141
539334160
539334328
539334382
539334719
539334751
539335119
539335328
539335412
539335595
539335601
539336027
539336194
539336310
539336430
539336533
539336573
539336972
539337195
539337231
539337315
539337518
539337582
539337957
539338192
539338720
539338970
539339015
539339130
539339192
539339229
539339257
539339423
539339458
539339493
539339536
539339688
539339865
539339877
539339976
539340281
539340411
539340430
539340488
539340594
539340766
539340815
539341158
539341209
539341252
539341315
539341689
539341792
539341824
539341928
539342063
539342745
539342797
539342932
539342974
539342978
539343032
539343039
539343148
539343175
539343222
539343324
539343405
539343446
539343656
539343721
539343732
539343776
539343897
539344013
539344065
539344082
539344100
539344270
539344287
539344399
539344545
539344783
539344821
539344862
539345309
539345686
539345785
539345874
539346185
539346209
539346282
539346377
539346443
539347013
539347052
539347058
539347187
539347338
539347624
539347734
539347796
539347855
539347870
539348157
539348260
539348497
539348678
539348712
539348933
539348992
539349114
539349142
539349177
539349240
539349296
539349365
539349536
539349954
539350004
539350241
539350399
539350431
539350479
539350512
539350680
539350835
539351247
539351528
539351573
539351597
539352202
539352227
539352228
539352255
539352272
539352377
539352417
539352546
539352690
539352936
539352954
539353142
539353393
539353509
539353700
539353735
539353923
539353995
539354045
539354096
539354109
539354116
539354173
539354289
539354412
539354419
539354438
539354488
539354497
539354953
539355023
539355342
539355489
539355498
539355624
539355685
539355722
539356324
539356330
539356488
539356501
539356535
539356816
539357046
539357057
539357080
539357256
539357352
539357430
539357471
539357496
539357503
539357513
539357649
539357901
539357903
539358069
539358163
539358185
539358460
539358558
539358619
539358931
539358936
539359270
539359281
539359289
539359296
539359309
539359332
539359482
539359599
539359644
539359792
539360027
539360071
539360132
539360214
539360286
539360471
539360545
539360548
539360642
539360704
539361108
539361335
539361344
539361397
539361421
539361443
539361495
539361567
539361593
539361736
539361756
539361989
539362137
539362492
539362744
539362783
539362790
539363044
539363184
539363493
539363581
539363598
539363968
539364012
539364729
539364773
539364987
539365068
539365176
539365192
539365221
539365300
539365327
539365341
539365396
539365577
539365644
539365667
539365680
539365819
539366050
539366350
539366412
539366423
539366645
539366711
539366879
539366895
539366929
539367006
539367039
539367165
539367396
539367410
539367490
539367726
539367866
539367884
539368175
539368213
539368231
539368488
539368538
539368588
539368604
539368796
539368931
539369039
539369076
539369085
539369529
539369648
539369986
539370158
539370167
539370379
539370410
539370550
539370775
539370810
539370839
539370871
539370919
539370938
539370963
539371070
539371609
539371731
539371788
539371806
539371898
539371918
539372004
539372341
539372350
539372441
539372450
539372499
539372612
539372626
539372673
539372756
539372995
539373235
539373238
539373349
539373393
539373471
539373569
539373587
539373620
539373689
539373710
539373734
539373848
539373895
539373947
539374016
539374041
539374141
539374161
539374202
539374318
539374343
539374395
539374471
539374570
539374663
539374690
539374747
539374877
539374975
539375117
539375315
539375366
539375409
539375461
539375531
539375559
539375598
539375652
539375706
539375748
539375865
539376265
539376380
539376399
539376649
539376691
539376731
539376896
539376911
539376929
539377054
539377210
539377298
539377594
539377626
539377671
539377801
539377923
539378100
539378174
539378222
539378395
539378476
539378516
539378667
539378776
539378803
539378833
539378866
539378909
539378930
539379026
539379096
539379122
539379275
539379744
539379862
539379903
539379909
539379962
539380079
539380247
539380286
539380380
539380552
539380561
539380564
539380783
539380839
539380948
539381082
539381229
539381415
539381770
539381852
539381896
539382016
539382433
539382597
539382819
539382891
539383155
539383350
539383581
539383804
539383978
539384027
539384112
539384456
539384586
539384643
539384965
539385032
539385087
539385112
539385332
539385449
539385776
539385793
539385815
539385878
539385968
539386190
539386241
539386417
539387020
539387025
539387168
539387169
539387278
539387331
539387355
539387453
539387467
539387480
539387588
539387659
539387792
539387813
539387826
539387920
539388089
539388262
539388316
539388443
539388506
539388541
539388610
539389329
539389360
539389541
539389667
539389704
539389732
539389916
539389931
539390021
539390067
539390116
539390327
539390329
539390477
539390524
539390633
539390769
539390805
539390915
539391113
539391125
539391427
539391436
539391451
539391792
539392096
539392180
539392315
539392356
539392398
539392410
539392491
539392535
539392572
539392677
539392960
539393088
539393149
539393167
539393245
539393263
539393316
539393435
539393440
539393638
539393743
539393789
539394027
539394165
539394337
539394407
539394679
539394781
539394806
539394854
539394904
539394979
539395010
539395214
539395389
539395472
539395677
539395730
539395750
539395761
539395776
539395781
539396032
539396092
539396096
539396149
539396165
539396202
539396332
539396631
539396670
539396815
539396920
539396967
539396980
539397031
539397049
539397120
539397210
539397245
539397263
539397304
539397308
539397417
539397434
539397436
539397468
539397510
539397571
539397628
539397860
539397891
539397926
539397988
539398076
539398086
539398237
539398258
539398565
539398692
539398701
539398942
539398975
539399143
539399256
539399271
539399290
539399305
539399379
539399718
539399931
539399938
539399970
539400063
539400337
539400441
539400578
539400700
539400836
539400932
539401110
539401121
539401570
539401571
539401742
539401783
539401842
539401974
539402011
539402187
539402249
539402427
539402508
539402532
539402559
539402628
539402655
539402721
539402739
539402883
539403002
539403034
539403094
539403122
539403372
539403484
539403548
539403782
539403855
539403871
539403881
539404023
539404105
539404179
539404252
539404327
539404430
539404482
539404569
539404592
539404785
539404827
539404840
539405123
539405155
539405169
539405213
539405513
539405548
539405609
539405657
539405717
539406090
539406161
539406445
539406453
539406499
539406599
539406610
539406666
539406988
539407008
539407064
539407179
539407336
539407407
539407629
539407754
539407755
539407787
539407838
539407965
539408011
539408046
539408296
539408466
539408475
539408579
539408631
539408662
539408905
539409010
539409029
539409072
539409177
539409427
539409703
539409886
539409921
539409962
539409967
539410072
539410165
539410205
539410228
539410467
539410563
539410849
539410853
539410914
539411031
539411073
539411087
539411093
539411145
539411212
539411228
539411276
539411281
539411351
539411395
539411503
539411969
539412043
539412131
539412220
539412439
539412528
539412671
539413106
539413433
539413522
539413552
539413601
539413634
539413970
539414132
539414332
539414374
539414383
539414410
539414447
539414486
539414730
539415006
539415081
539415124
539415236
539415312
539415385
539415438
539415466
539415482
539415519
539415534
539415644
539415653
539416021
539416061
539416245
539416736
539416874
539416923
539417072
539417142
539417167
539417215
539417254
539417373
539417701
539417708
539417795
539418063
539418209
539418415
539418562
539418616
539418659
539418684
539418720
539418770
539418775
539418846
539418889
539419112
539419297
539419330
539419612
539419629
539419672
539419933
539419989
539420165
539420542
539420611
539420661
539420686
539420743
539421166
539421355
539421422
539421487
539421612
539421649
539421687
539421713
539421722
539421789
539421828
539422057
539422150
539422405
539422428
539422510
539422606
539422608
539422638
539422734
539422817
539422910
539423097
539423296
539423425
539423450
539423545
539423674
539423731
539423788
539423938
539424063
539424301
539424652
539424744
539424884
539424974
539425050
539425063
539425248
539425303
539425367
539425492
539425595
539425765
539426190
539426346
539426493
539426543
539426654
539426681
539426761
539426929
539427051
539427297
539427691
539427722
539427754
539427953
539428036
539428057
539428107
539428129
539428196
539428226
539428380
539428588
539428851
539428912
539428971
539429040
539429802
539429960
539430276
539430310
539430399
539430403
539430479
539430510
539430630
539430797
539430856
539431043
539431063
539431083
539431114
539431149
539431238
539431250
539431257
539431310
539431342
539431424
539431467
539431478
539431543
539431561
539431662
539431911
539432028
539432037
539432049
539432053
539432296
539432316
539432428
539432507
539432600
539432615
539432775
539432836
539432908
539432939
539433171
539433212
539433223
539433284
539433335
539433358
539433437
539433555
539433745
539433793
539433817
539433878
539433987
539434021
539434126
539434356
539434453
539434556
539434558
539434851
539434898
539435044
539435152
539435210
539435311
539435338
539435376
539435618
539435692
539435937
539436069
539436596
539436943
539436947
539437087
539437500
539437659
539437674
539437742
539437843
539437865
539437884
539437894
539438154
539438299
539438456
539438674
539438683
539438858
539439395
539439400
539439805
539439940
539439996
539440019
539440030
539440086
539440254
539440411
539440442
539440477
539440684
539440708
539440723
539440821
539440970
539441288
539441355
539441389
539441405
539441413
539441477
539441478
539441502
539441549
539441608
539441713
539442215
539442278
539442360
539442472
539442511
539442736
539442825
539442849
539442951
539442957
539442975
539443237
539443282
539443335
539443652
539443654
539443768
539443929
539443977
539443999
539444189
539444305
539444323
539444327
539444520
539444556
539444855
539444983
539445044
539445198
539445599
539445668
539445708
539445733
539445784
539445825
539445963
539445985
539446115
539446298
539446517
539446548
539446730
539446748
539446778
539446895
539446937
539447216
539447274
539447339
539447362
539447594
539447602
539447607
539447614
539447626
539447706
539447760
539447855
539448188
539448250
539448332
539448477
539448705
539448724
539448992
539449054
539449073
539449134
539449216
539449264
539449395
539449571
539449641
539449698
539449912
539449990
539449996
539450020
539450040
539450065
539450107
539450352
539450463
539450473
539450481
539450601
539450759
539450784
539450814
539450879
539451086
539451141
539451190
539451267
539451421
539451434
539451463
539451474
539451571
539451862
539451929
539451933
539452000
539452032
539452109
539452223
539452284
539452337
539452707
539452712
539452727
539452749
539452883
539452890
539453371
539453449
539453530
539453644
539453707
539453783
539453800
539454130
539454173
539454206
539454253
539454316
539454491
539454502
539454692
539454697
539454708
539454709
539454813
539454837
539454859
539454941
539454984
539455040
539455163
539455223
539455449
539455469
539455641
539455844
539455957
539456433
539456454
539456461
539456584
539456646
539456687
539456708
539457067
539457111
539457258
539457262
539457287
539457488
539457582
539457637
539457707
539457778
539457803
539457838
539457872
539457882
539458059
539458360
539458378
539458432
539458537
539458561
539458734
539458787
539458941
539458998
539459087
539459179
539459368
539459458
539459514
539459518
539459598
539459604
539459701
539459734
539459759
539460069
539460318
539460324
539460446
539460515
539460531
539460562
539460706
539460756
539460979
539461089
539461140
539461258
539461288
539461539
539461654
539461742
539461990
539462186
539462283
539462321
539462464
539462469
539462487
539462518
539462952
539463210
539463357
539463625
539463635
539463805
539463916
539464079
539464085
539464132
539464166
539464169
539464177
539464377
539464429
539464589
539464598
539464678
539464709
539464755
539464895
539464907
539465146
539465313
539465425
539465435
539465554
539465642
539465699
539465712
539465720
539465837
539466133
539466411
539466437
539466496
539466550
539466803
539466895
539467033
539467047
539467133
539467334
539467602
539467704
539467822
539468178
539468240
539468458
539468477
539468556
539468898
539469192
539469194
539469230
539469315
539469758
539469810
539469962
539470026
539470054
539470154
539470164
539470287
539470291
539470371
539470497
539470726
539470767
539470816
539470972
539471025
539471095
539471295
539471425
539471505
539471525
539471673
539471859
539472078
539472135
539472310
539472387
539472484
539472491
539472631
539472772
539472814
539472931
539472941
539473010
539473093
539473121
539473207
539473256
539473263
539473516
539473611
539473664
539473728
539473898
539473977
539474123
539474132
539474185
539474194
539474195
539474361
539474494
539474767
539474935
539474965
539475014
539475121
539475174
539475296
539475306
539475347
539475486
539475514
539476228
539476394
539476484
539476551
539476554
539476615
539476700
539476715
539476874
539476957
539477033
539477063
539477240
539477349
539477385
539477536
539477688
539477766
539477783
539477840
539477986
539478001
539478154
539478320
539478380
539478500
539478948
539479619
539479621
539479708
539479929
539479974
539480169
539480266
539480337
539480800
539480857
539481011
539481219
539481299
539481316
539481444
539481453
539481657
539481844
539481952
539482094
539482157
539482186
539482209
539482227
539482319
539482336
539482402
539482493
539482714
539482790
539482795
539482887
539482969
539483074
539483404
539483419
539483513
539483639
539483645
539483650
539483796
539483861
539484087
539484156
539484177
539484345
539484376
539484466
539484626
539484952
539485000
539485087
539485493
539485548
539485668
539485704
539485724
539485806
539485811
539485904
539485931
539486072
539486188
539486227
539486489
539486645
539486740
539486784
539486818
539486919
539486976
539487157
539487288
539487529
539487624
539487798
539488158
539488163
539488342
539488347
539488625
539489081
539489205
539489522
539489681
539489696
539489862
539489922
539489971
539490035
539490076
539490085
539490120
539490233
539490413
539490668
539490717
539490770
539490825
539490843
539490887
539491043
539491089
539491166
539491371
539491542
539491760
539491848
539491910
539491922
539491930
539491980
539492070
539492163
539492174
539492388
539492406
539492458
539492477
539492493
539492559
539492566
539492741
539492875
539492908
539492949
539493011
539493075
539493427
539493673
539493890
539494134
539494250
539494283
539494291
539494594
539494736
539494834
539494894
539494962
539495070
539495095
539495168
539495176
539495182
539495256
539495280
539495646
539495673
539495731
539495843
539496144
539496198
539496241
539496320
539496436
539496480
539496536
539496747
539496768
539496788
539496796
539496799
539497085
539497256
539497264
539497306
539497327
539497356
539497445
539498178
539498209
539498251
539498275
539498299
539498811
539498871
539498906
539498998
539499007
539499151
539499160
539499255
539499264
539499408
539499576
539499600
539499606
539499614
539499737
539499810
539499857
539500064
539500159
539500167
539500218
539500350
539500369
539500530
539500624
539500777
539500824
539500826
539500856
539500928
539501186
539501220
539501332
539501544
539501766
539501782
539501966
539502074
539502211
539502340
539502515
539502537
539502624
539502644
539502762
539502821
539502842
539502879
539502978
539503040
539503095
539503272
539503280
539503318
539503328
539503643
539503707
539503759
539503800
539504052
539504101
539504188
539504242
539504736
539504746
539504796
539504854
539504875
539505025
539505099
539505471
539505599
539505689
539505875
539505885
539505934
539506036
539506173
539506210
539506278
539506344
539506365
539506431
539506527
539506773
539506894
539506906
539506987
539507083
539507116
539507117
539507138
539507176
539507309
539507427
539507536
539507569
539507596
539507774
539507859
539507995
539508062
539508093
539508153
539508171
539508272
539508276
539508397
539508407
539508435
539508471
539508726
539508868
539508914
539509036
539509149
539509218
539509312
539509430
539509576
539509613
539509651
539509740
539509773
539509877
539509925
539510195
539510217
539510306
539510345
539510424
539510529
539510589
539510645
539510670
539510871
539511200
539511238
539511241
539511294
539511381
539511412
539511447
539511492
539511531
539511641
539511899
539512204
539512234
539512343
539512367
539512384
539512416
539512619
539512662
539512709
539512916
539513002
539513131
539513271
539513325
539513335
539513348
539513466
539513579
539513741
539513785
539514277
539514306
539514344
539514361
539514380
539514404
539514500
539514657
539514955
539515100
539515205
539515221
539515226
539515318
539515507
539515584
539515617
539515806
539515982
539516029
539516424
539516453
539516554
539516592
539516607
539516615
539516749
539516767
539516821
539516827
539516853
539516942
539516980
539516985
539517099
539517128
539517158
539517181
539517223
539517289
539517647
539517710
539517749
539518216
539518230
539518244
539518463
539518487
539518522
539518690
539518724
539518738
539518746
539518920
539518934
539518936
539518943
539519139
539519227
539519241
539519308
539519321
539519362
539519370
539519619
539519662
539519784
539519810
539519913
539520046
539520070
539520483
539520604
539520629
539520658
539520694
539520739
539520760
539520796
539520816
539520845
539521019
539521095
539521148
539521436
539521632
539521701
539521806
539521832
539521956
539522101
539522109
539522112
539522245
539522280
539522351
539522437
539522529
539522554
539522566
539522622
539522644
539522829
539522965
539522973
539523056
539523080
539523158
539523229
539523288
539523373
539523396
539523555
539523670
539523767
539523818
539523834
539523865
539523979
539524108
539524261
539524380
539524412
539524633
539524870
539524893
539524979
539525013
539525175
539525191
539525355
539525427
539525436
539525437
539525666
539525708
539525817
539525838
539525871
539525916
539526077
539526200
539526365
539526550
539526614
539526639
539526967
539527058
539527067
539527101
539527120
539527186
539527212
539527219
539527435
539527837
539527853
539527899
539528102
539528140
539528349
539528443
539528451
539528685
539528714
539528802
539528925
539528930
539528939
539529177
539529184
539529233
539529470
539529515
539529542
539529697
539529869
539529950
539529970
539530013
539530028
539530065
539530073
539530201
539530364
539530382
539530418
539530438
539530699
539530790
539530950
539530957
539530961
539531050
539531097
539531449
539531523
539531538
539531606
539531766
539531784
539531831
539532088
539532242
539532262
539532270
539532322
539532443
539532520
539532560
539532579
539532627
539532651
539532694
539532745
539532812
539532902
539532941
539533012
539533045
539533063
539533187
539533221
539533428
539533430
539533492
539533538
539533557
539533795
539533833
539533878
539533930
539534012
539534099
539534139
539534254
539534290
539534299
539534446
539534563
539534705
539534734
539534900
539535005
539535016
539535029
539535085
539535132
539535241
539535267
539535285
539535740
539535887
539535920
539535987
539536294
539536474
539536507
539536686
539536786
539536823
539536963
539537147
539537193
539537295
539537340
539537378
539537459
539537508
539537544
539537570
539537574
539537606
539537632
539537637
539537850
539538151
539538190
539538227
539538517
539538583
539538595
539538825
539538854
539538944
539538963
539538977
539538981
539539031
539539069
539539081
539539083
539539090
539539098
539539180
539539252
539539295
539539471
539539677
539539818
539539910
539540051
539540105
539540230
539540491
539540507
539540594
539540655
539540769
539540926
539540983
539541055
539541182
539541266
539541280
539541307
539541457
539541486
539541524
539541541
539541593
539541607
539541706
539541722
539541846
539541860
539541949
539542042
539542065
539542103
539542138
539542264
539542490
539542518
539542602
539542633
539542717
539542815
539542878
539543072
539543155
539543189
539543243
539543257
539543345
539543397
539543416
539543448
539543743
539543778
539543900
539544057
539544085
539544364
539544490
539544513
539544599
539544604
539544655
539544744
539544816
539544867
539544938
539545017
539545028
539545065
539545128
539545167
539545225
539545346
539545425
539545437
539545576
539545609
539545619
539545658
539545885
539545964
539546136
539546181
539546210
539546264
539546321
539546334
539546403
539546514
539546696
539546819
539546905
539546954
539546977
539547025
539547040
539547093
539547135
539547258
539547280
539547385
539547440
539547629
539547722
539547831
539547840
539547871
539547874
539548051
539548140
539548160
539548177
539548326
539548369
539548521
539548551
539548598
539548620
539548748
539548757
539548867
539548869
539548971
539548983
539549010
539549128
539549153
539549184
539549244
539549369
539549384
539549653
539549713
539549760
539549914
539549926
539549955
539549969
539550210
539550462
539550528
539550657
539550773
539550811
539550906
539551065
539551129
539551180
539551193
539551340
539551378
539551387
539551416
539551453
539551459
539551571
539551609
539551797
539551808
539551931
539552080
539552101
539552109
539552132
539552189
539552193
539552232
539552349
539552362
539552412
539552479
539552566
539552569
539552664
539552667
539552985
539553072
539553084
539553143
539553191
539553232
539553283
539553305
539553406
539553527
539553549
539553552
539553608
539553660
539553676
539553754
539553798
539553845
539553878
539553888
539554025
539554078
539554098
539554140
539554165
539554243
539554254
539554301
539554308
539554361
539554368
539554482
539554699
539554895
539554913
539554946
539554988
539555098
539555102
539555112
539555152
539555303
539555391
539555406
539555503
539555598
539555651
539555722
539555774
539555811
539555812
539555873
539555963
539555992
539556008
539556028
539556072
539556080
539556104
539556397
539556431
539556443
539556662
539556794
539557035
539557080
539557104
539557503
539557524
539557562
539557598
539558089
539558219
539558288
539558298
539558381
539558416
539558513
539558567
539558607
539558643
539558699
539558816
539558821
539558912
539558970
539558990
539559184
539559263
539559341
539559425
539559520
539559552
539559716
539559886
539559919
539559927
539560076
539560185
539560245
539560423
539560603
539560746
539560996
539561061
539561131
539561141
539561155
539561185
539561316
539561350
539561358
539561408
539561471
539561479
539561492
539561577
539561664
539561704
539561719
539561826
539561835
539561998
539562008
539562112
539562223
539562269
539562318
539562357
539562408
539562743
539563006
539563015
539563090
539563120
539563151
539563212
539563350
539563453
539563579
539563705
539563712
539563764
539563850
539563892
539563974
539564030
539564231
539564293
539564412
539564422
539564472
539564603
539564738
539565005
539565015
539565078
539565099
539565170
539565278
539565297
539565387
539565611
539565938
539565943
539565956
539566051
539566095
539566102
539566411
539566442
539566550
539566556
539566568
539566633
539566703
539566719
539566919
539567029
539567159
539567188
539567205
539567267
539567303
539567455
539567571
539567580
539567665
539567971
539568033
539568078
539568139
539568147
539568541
539568555
539568561
539568659
539568747
539568793
539568825
539568933
539568964
539569184
539569212
539569257
539569397
539569465
539569493
539569513
539569574
539569605
539569610
539569661
539569766
539569922
539569939
539569949
539570029
539570037
539570125
539570242
539570327
539570398
539570504
539570850
539570919
539570999
539571039
539571060
539571082
539571241
539571245
539571261
539571305
539571364
539571584
539571589
539571781
539571813
539572065
539572113
539572396
539572669
539572715
539572772
539572897
539572942
539573019
539573234
539573281
539573358
539573496
539573530
539573597
539573610
539573695
539573805
539573822
539573913
539573963
539574029
539574093
539574101
539574178
539574202
539574254
539574291
539574546
539574662
539574751
539574778
539574872
539575028
539575224
539575249
539575276
539575285
539575399
539575493
539575496
539575570
539575599
539575608
539575665
539575678
539575705
539575788
539575920
539576096
539576131
539576151
539576321
539576338
539576355
539576474
539576594
539576605
539576723
539576741
539576888
539576971
539577221
539577272
539577285
539577313
539577390
539577427
539577523
539577572
539577611
539577627
539577638
539577740
539577755
539577788
539577978
539578039
539578105
539578231
539578432
539578437
539578615
539578651
539578752
539578842
539578893
539578981
539579028
539579080
539579089
539579110
539579165
539579279
539579332
539579357
539579373
539579377
539579396
539579587
539579847
539579965
539580024
539580030
539580040
539580057
539580077
539580108
539580122
539580133
539580153
539580201
539580342
539580347
539580419
539580765
539580780
539580937
539580971
539581018
539581145
539581173
539581232
539581288
539581500
539581794
539581850
539581862
539581919
539581928
539581944
539582013
539582037
539582089
539582210
539582331
539582345
539582492
539582553
539582555
539582641
539582669
539582787
539582990
539583134
539583194
539583206
539583303
539583308
539583319
539583325
539583387
539583478
539583479
539583525
539583662
539583810
539583880
539583924
539583934
539583948
539583960
539583975
539584046
539584182
539584341
539584552
539584607
539584630
539584689
539584780
539584846
539585198
539585317
539585404
539585433
539585468
539585545
539585577
539585645
539585657
539585739
539585752
539585979
539586032
539586083
539586145
539586164
539586197
539586369
539586475
539586563
539586741
539586891
539586910
539586955
539587203
539587343
539587561
539587572
539587610
539587672
539587746
539587764
539587929
539587944
539587992
539588012
539588178
539588273
539588319
539588363
539588557
539588839
539588931
539589057
539589085
539589162
539589273
539589323
539589362
539589367
539589369
539589506
539589690
539589736
539589746
539589812
539590053
539590059
539590072
539590158
539590266
539590598
539590698
539590737
539590744
539590800
539590806
539590838
539590855
539590922
539591116
539591242
539591434
539591454
539591566
539591705
539591742
539591781
539591891
539591963
539592021
539592057
539592211
539592236
539592304
539592332
539592336
539592363
539592545
539592881
539592997
539593054
539593068
539593180
539593199
539593239
539593380
539593416
539593629
539593672
539593777
539593795
539593928
539593970
539594027
539594059
539594106
539594154
539594343
539594350
539594366
539594487
539594522
539594618
539594621
539594762
539594829
539594917
539594947
539595066
539595144
539595172
539595231
539595340
539595374
539595507
539595548
539595572
539595689
539595708
539596023
539596050
539596072
539596092
539596191
539596246
539596342
539596455
539596475
539596577
539596653
539596767
539596908
539596986
539597215
539597217
539597341
539597599
539597614
539597676
539597705
539597759
539597781
539597790
539597818
539597832
539597987
539597994
539598185
539598240
539598320
539598426
539598701
539598730
539598767
539598785
539598846
539598853
539598883
539598920
539598991
539599026
539599196
539599225
539599554
539599679
539599992
539600075
539600100
539600131
539600172
539600180
539600364
539600382
539600488
539600594
539600605
539600734
539600809
539600901
539601003
539601023
539601124
539601163
539601202
539601270
539601336
539601369
539601427
539601547
539601570
539601586
539601587
539601696
539601704
539601785
539601798
539601823
539601871
539601908
539601949
539601977
539602025
539602072
539602153
539602193
539602206
539602329
539602447
539602538
539602547
539602726
539602888
539602898
539602950
539603148
539603193
539603459
539603588
539603689
539603738
539603769
539603821
539603925
539603991
539604093
539604177
539604286
539604293
539604330
539604522
539604620
539604728
539604866
539605064
539605085
539605305
539605332
539605362
539605473
539605567
539605643
539606045
539606314
539606506
539606542
539606566
539606808
539606837
539606929
539606937
539607378
539607422
539607488
539607743
539607802
539607901
539607919
539607949
539607958
539608067
539608074
539608141
539608176
539608204
539608237
539608387
539608628
539608634
539608636
539608730
539608843
539608934
539608988
539609046
539609170
539609178
539609425
539609443
539609696
539609899
539609924
539609976
539609995
539610090
539610271
539610302
539610353
539610375
539610499
539610542
539610684
539610778
539610864
539610907
539610984
539611030
539611154
539611229
539611232
539611280
539611349
539611433
539611462
539611521
539611606
539611642
539611667
539611696
539611742
539611848
539611890
539611969
539612095
539612162
539612182
539612311
539612316
539612328
539612333
539612399
539612423
539612484
539612501
539612603
539612865
539612931
539612940
539612975
539613183
539613288
539613394
539613536
539613545
539613566
539613651
539613778
539613803
539613941
539613952
539613966
539614020
539614039
539614198
539614217
539614289
539614396
539614477
539614529
539614593
539614606
539614692
539614885
539614980
539615078
539615144
539615161
539615179
539615274
539615426
539615557
539615591
539615962
539616080
539616090
539616133
539616222
539616462
539616499
539616785
539616824
539616832
539616867
539616890
539616953
539616990
539617210
539617342
539617516
539617653
539617689
539617748
539617958
539617967
539618140
539618180
539618337
539618547
539618705
539618847
539618848
539619072
539619151
539619230
539619244
539619312
539619335
539619395
539619420
539619574
539619687
539619904
539619925
539619973
539620030
539620058
539620134
539620184
539620299
539620319
539620435
539620473
539620535
539620539
539620824
539620838
539621100
539621112
539621137
539621180
539621193
539621402
539621452
539621487
539621553
539621581
539621608
539621632
539621688
539621738
539621793
539621828
539621942
539621948
539622187
539622289
539622421
539622603
539622671
539622881
539623264
539623670
539623682
539623687
539623778
539623853
539623886
539623927
539624031
539624145
539624208
539624338
539624390
539624489
539624523
539625137
539625193
539625286
539625308
539625316
539625337
539625398
539625654
539625728
539625902
539626035
539626070
539626092
539626145
539626166
539626207
539626456
539626515
539626590
539626696
539626740
539626791
539626881
539627106
539627189
539627707
539627758
539627881
539627918
539627995
539628001
539628014
539628272
539628335
539628382
539628388
539628436
539628522
539628601
539628606
539628635
539628653
539628656
539628863
539628888
539629297
539629333
539629390
539629458
539629461
539629466
539629473
539629521
539629541
539629743
539629897
539629916
539629960
539629969
539629984
539630007
539630196
539630245
539630268
539630512
539630546
539630610
539630677
539631126
539631179
539631414
539631430
539631432
539631480
539631489
539631497
539631537
539631777
539632166
539632365
539632394
539632475
539632614
539632640
539632692
539632694
539632745
539632782
539632808
539632814
539632835
539632846
539632877
539633119
539633345
539633347
539633492
539633534
539633794
539633966
539634198
539634409
539634421
539634453
539634463
539634495
539634644
539634660
539634695
539634721
539634762
539634858
539635048
539635106
539635527
539635569
539635905
539635944
539635955
539636197
539636369
539636455
539636764
539636802
539637212
539637270
539637309
539637418
539637442
539637548
539637738
539637781
539638337
539638392
539638429
539638574
539639014
539639169
539639551
539639867
539639919
539640002
539640063
539640085
539640109
539640217
539640363
539640419
539640779
539640785
539640947
539641012
539641074
539641159
539641451
539641461
539641595
539641659
539641738
539641877
539641911
539641971
539642106
539642195
539642210
539642268
539642275
539642389
539642459
539642508
539642578
539642731
539642737
539642895
539642992
539643092
539643100
539643117
539643202
539643475
539643588
539643692
539643802
539643847
539643910
539644218
539644330
539644363
539644416
539644444
539644466
539644530
539644537
539644569
539644570
539644613
539644667
539644915
539645311
539645340
539645387
539645424
539645473
539645567
539645605
539645622
539645884
539645894
539645941
539645984
539646067
539646102
539646124
539646190
539646293
539646332
539646416
539646568
539646575
539646576
539646648
539646683
539646949
539646973
539647180
539647287
539647312
539647337
539647369
539647567
539647594
539647619
539647719
539647728
539647784
539647978
539648173
539648332
539648351
539648438
539648543
539648548
539648632
539648687
539648800
539648854
539648893
539649474
539649512
539649580
539649616
539649733
539649747
539649765
539649778
539649779
539649832
539649934
539649939
539649952
539650005
539650070
539650082
539650104
539650346
539650466
539650585
539650656
539651077
539651118
539651212
539651256
539651323
539651406
539651608
539651658
539651833
539651941
539652410
539652481
539652633
539652698
539652745
539652760
539652808
539652999
539653048
539653074
539653128
539653280
539653314
539653348
539653358
539653363
539653410
539653575
539653612
539653628
539653667
539653697
539654070
539654176
539654452
539654582
539654761
539654844
539654967
539655015
539655050
539655114
539655217
539655225
539655285
539655446
539655653
539655688
539655811
539655813
539655929
539655960
539656059
539656217
539656253
539656339
539656412
539656472
539656579
539656768
539656822
539656965
539656980
539657329
539657436
539657514
539657538
539657590
539657621
539657705
539657734
539657775
539657810
539657905
539657970
539657973
539658095
539658116
539658138
539658174
539658232
539658463
539658651
539658692
539658817
539658852
539659145
539659189
539659251
539659433
539659689
539659778
539659788
539659985
539660282
539660340
539660350
539660351
539660448
539660692
539660743
539660811
539661126
539661145
539661178
539661277
539661335
539661426
539661442
539661526
539661544
539661647
539661850
539661865
539661995
539662045
539662247
539662470
539662601
539662618
539662712
539662723
539662746
539662756
539662940
539663340
539663372
539663454
539663553
539663660
539663910
539664160
539664413
539664859
539664872
539664903
539665006
539665070
539665143
539665158
539665264
539665295
539665358
539665369
539665478
539665639
539665666
539665676
539665700
539665776
539665835
539665994
539666089
539666261
539666304
539666313
539666315
539666369
539666392
539666403
539666652
539666688
539666757
539666766
539666777
539666806
539666822
539666945
539667054
539667194
539667484
539667527
539667646
539667975
539668045
539668227
539668236
539668605
539668619
539668736
539668837
539669082
539669109
539669140
539669304
539669773
539669909
539669968
539669974
539670066
539670289
539670362
539670401
539670419
539670527
539670540
539670653
539670676
539670815
539670891
539670899
539670999
539671052
539671204
539671417
539671525
539671550
539671721
539671745
539671936
539672468
539672503
539672539
539672588
539672844
539672982
539673064
539673329
539673370
539673391
539673393
539673417
539673437
539673456
539673559
539673693
539673822
539673910
539673984
539674044
539674161
539674225
539674242
539674335
539674393
539674448
539674486
539674491
539674804
539674879
539674904
539674926
539675048
539675163
539675175
539675384
539675427
539675503
539675708
539675762
539675792
539675884
539675960
539675989
539676148
539676194
539676245
539676326
539676361
539676404
539676458
539676618
539676726
539676839
539676861
539677078
539677086
539677353
539677502
539677530
539677588
539677711
539677720
539678043
539678157
539678250
539678276
539678292
539678765
539678782
539678926
539678960
539679096
539679140
539679368
539679390
539679409
539679436
539679488
539679930
539679975
539680142
539680304
539680491
539680540
539680926
539680942
539680973
539681104
539681315
539681354
539681407
539681424
539681432
539681537
539681558
539681597
539681599
539681613
539681675
539682100
539682131
539682154
539682187
539682194
539682201
539682330
539682373
539682455
539682472
539682507
539682576
539682760
539683106
539683115
539683135
539683142
539683155
539683271
539683323
539683354
539683421
539683477
539683920
539684032
539684100
539684241
539684283
539684397
539684415
539684731
539684737
539684814
539684938
539684951
539684958
539685110
539685161
539685271
539685342
539685416
539685468
539685503
539685547
539685591
539685730
539685734
539685780
539685820
539685825
539685953
539686074
539686211
539686366
539686514
539686518
539686547
539686698
539686730
539686804
539686884
539686888
539686903
539686917
539686946
539687012
539687058
539687170
539687188
539687389
539687391
539687435
539687808
539687815
539687898
539687925
539688066
539688103
539688210
539688274
539688282
539688616
539688708
539688817
539688840
539688871
539688972
539688989
539689016
539689023
539689214
539689250
539689424
539689488
539689523
539689542
539689569
539689825
539690065
539690089
539690110
539690229
539690313
539690530
539690760
539690812
539690850
539690879
539690983
539690985
539691046
539691080
539691103
539691214
539691469
539691510
539691552
539691854
539691864
539691883
539691939
539691971
539691981
539692078
539692294
539692436
539692479
539692567
539692761
539692802
539692834
539693003
539693086
539693284
539693436
539693484
539693556
539693627
539693687
539693711
539693816
539693863
539694055
539694274
539694372
539694431
539694443
539694532
539694557
539694703
539694774
539695049
539695426
539695476
539695479
539695501
539695518
539695646
539695745
539695947
539695999
539696100
539696179
539696197
539696206
539696258
539696284
539696352
539696360
539696398
539696482
539696541
539696716
539696905
539697005
539697041
539697075
539697094
539697108
539697170
539697196
539697246
539697276
539697402
539697559
539697623
539697686
539697750
539698158
539698174
539698197
539698228
539698233
539698310
539698317
539698415
539698433
539698495
539698543
539698545
539698554
539698580
539698595
539698655
539698765
539699011
539699079
539699245
539699418
539699426
539699547
539699639
539699694
539699718
539699766
539699810
539699955
539699966
539699977
539700010
539700267
539700369
539700406
539700427
539700474
539700521
539700632
539700686
539701012
539701122
539701200
539701227
539701343
539701612
539701655
539701709
539701714
539701746
539701849
539701997
539702034
539702042
539702059
539702068
539702239
539702264
539702417
539702655
539702773
539702919
539703029
539703088
539703133
539703156
539703197
539703251
539703314
539703589
539703597
539703728
539703857
539703933
539703982
539704016
539704034
539704196
539704264
539704277
539704332
539704429
539704483
539704501
539704545
539704676
539704677
539704749
539704820
539704835
539704869
539704874
539704886
539705162
539705312
539705355
539705406
539705411
539705476
539705553
539705624
539705645
539705799
539705964
539706009
539706106
539706127
539706192
539706434
539706491
539706499
539706647
539706680
539706789
539706811
539706837
539706843
539707127
539707141
539707254
539707272
539707351
539707513
539707523
539707608
539707842
539707868
539707993
539707994
539708007
539708016
539708120
539708353
539708438
539708442
539708488
539708558
539708699
539708719
539708871
539708947
539709020
539709044
539709107
539709170
539709180
539709295
539709351
539709482
539709530
539709550
539709621
539709707
539709718
539709804
539710185
539710256
539710595
539710790
539710812
539710828
539710931
539711028
539711206
539711235
539711464
539711536
539711591
539711622
539711752
539711755
539712150
539712152
539712230
539712266
539712406
539712478
539712559
539712630
539712669
539712694
539712695
539713022
539713033
539713043
539713141
539713332
539713504
539713539
539713562
539713731
539713755
539713995
539714024
539714041
539714057
539714094
539714120
539714125
539714339
539714360
539714386
539714502
539714509
539714549
539714577
539714656
539714719
539714837
539714930
539714984
539715075
539715157
539715162
539715305
539715348
539715658
539715784
539715848
539715888
539716006
539716048
539716124
539716144
539716179
539716402
539716622
539716729
539716744
539716934
539716947
539716982
539717034
539717039
539717123
539717148
539717183
539717198
539717247
539717349
539717390
539717467
539717509
539717645
539717807
539717830
539718029
539718053
539718077
539718157
539718295
539718345
539718480
539718664
539718681
539718716
539718726
539718798
539718812
539718837
539718845
539718852
539718868
539718902
539718984
539719023
539719039
539719059
539719187
539719217
539719392
539719423
539719465
539719494
539719531
539719753
539719865
539719942
539719978
539720509
539720565
539720567
539720726
539720783
539720827
539720927
539720947
539720981
539721019
539721153
539721172
539721283
539721328
539721358
539721579
539721583
539721604
539721792
539721811
539721853
539721870
539722025
539722090
539722131
539722217
539722222
539722269
539722347
539722367
539722483
539722701
539722777
539722809
539722981
539723085
539723102
539723194
539723384
539723507
539723538
539723541
539723746
539723999
539724001
539724071
539724220
539724266
539724443
539724487
539724526
539724672
539724764
539724781
539724801
539724813
539724903
539724911
539724937
539724949
539724986
539725159
539725198
539725267
539725571
539725579
539725734
539725753
539725819
539726065
539726142
539726229
539726278
539726424
539726491
539726640
539726690
539726721
539726767
539726933
539726951
539726989
539727033
539727111
539727123
539727258
539727338
539727368
539727385
539727449
539727465
539727570
539727591
539727643
539727654
539727709
539727724
539727845
539727865
539727925
539728047
539728201
539728529
539728550
539728606
539728629
539728652
539728682
539728840
539728902
539729107
539729157
539729202
539729239
539729626
539729683
539729706
539729835
539729843
539729983
539730144
539730158
539730191
539730339
539730354
539730369
539730378
539730719
539730747
539730841
539731031
539731043
539731053
539731069
539731265
539731462
539731529
539731603
539731612
539731639
539731715
539731753
539731811
539731914
539732006
539732008
539732115
539732137
539732194
539732208
539732256
539732381
539732396
539732410
539732445
539732476
539732502
539732528
539732692
539732778
539732892
539732903
539732904
539732920
539732929
539733183
539733191
539733195
539733206
539733438
539733562
539733651
539733704
539733761
539733803
539733829
539733880
539733891
539733900
539734087
539734112
539734153
539734276
539734302
539734375
539734390
539734405
539734512
539734574
539734654
539734748
539734926
539734979
539734982
539735008
539735072
539735162
539735223
539735327
539735379
539735381
539735510
539735587
539735827
539735884
539735929
539736098
539736108
539736222
539736270
539736279
539736302
539736405
539736411
539736616
539736650
539736834
539736878
539736924
539736944
539737027
539737107
539737341
539737376
539737504
539737525
539737557
539737598
539737656
539737701
539737728
539737764
539737769
539737816
539737838
539737866
539737897
539737918
539737958
539738005
539738020
539738029
539738152
539738183
539738281
539738288
539738307
539738421
539738478
539738492
539738593
539738617
539738642
539738735
539738776
539738800
539738936
539738947
539738977
539738995
539739003
539739065
539739167
539739277
539739503
539739628
539739776
539739824
539739848
539739993
539740007
539740085
539740193
539740232
539740270
539740347
539740479
539740544
539740725
539740817
539740947
539740996
539741074
539741096
539741196
539741217
539741224
539741290
539741420
539741511
539741580
539741627
539741693
539741866
539742081
539742090
539742166
539742177
539742331
539742348
539742365
539742454
539742545
539742554
539742557
539742728
539742961
539743029
539743174
539743349
539743359
539743364
539743492
539743497
539743579
539743593
539743613
539743652
539743658
539743756
539744019
539744058
539744079
539744150
539744257
539744295
539744353
539744379
539744390
539744445
539744561
539744699
539744703
539744802
539744844
539744882
539744946
539744998
539745021
539745157
539745186
539745286
539745717
539745765
539745878
539745978
539746047
539746207
539746360
539746361
539746366
539746400
539746673
539746722
539746820
539746826
539746945
539747044
539747091
539747208
539747259
539747406
539747441
539747495
539747769
539747801
539747809
539748013
539748023
539748082
539748103
539748153
539748162
539748203
539748264
539748295
539748306
539748420
539748465
539748646
539748683
539748700
539748717
539748819
539748876
539748890
539748898
539749086
539749184
539749236
539749287
539749311
539749459
539749576
539749642
539749764
539749809
539749820
539749845
539750069
539750115
539750135
539750165
539750216
539750647
539750815
539750823
539750870
539751082
539751251
539751424
539751477
539751489
539751548
539751553
539751612
539751813
539751830
539751842
539751965
539752004
539752021
539752025
539752118
539752125
539752227
539752468
539752559
539752574
539752777
539752827
539752880
539752964
539752998
539753139
539753173
539753436
539753529
539753729
539754061
539754096
539754117
539754126
539754141
539754411
539754460
539754473
539754505
539754515
539754543
539754597
539754776
539754893
539754952
539755289
539755362
539755623
539755873
539755958
539755999
539756009
539756021
539756055
539756113
539756429
539756525
539756567
539756588
539756731
539756799
539756845
539757006
539757027
539757085
539757190
539757300
539757366
539757439
539757781
539757874
539757881
539757948
539758194
539758246
539758278
539758511
539758516
539758713
539758792
539758878
539759142
539759300
539759338
539759347
539759435
539759620
539759622
539759706
539759780
539759806
539759900
539760218
539760264
539760313
539760314
539760610
539760661
539760701
539760867
539760931
539760944
539761299
539761419
539761470
539761524
539761529
539761655
539761828
539761870
539761901
539762083
539762181
539762242
539762250
539762349
539762388
539762423
539762524
539762568
539762650
539762675
539762781
539763098
539763131
539763207
539763348
539763471
539763687
539763811
539764088
539764095
539764169
539764187
539764240
539764255
539764340
539764349
539764420
539764434
539764474
539764717
539764749
539764755
539764813
539764850
539764977
539765000
539765136
539765292
539765401
539765416
539765514
539765557
539765623
539765630
539765768
539765808
539765898
539765906
539765952
539766018
539766030
539766080
539766170
539766340
539766380
539766512
539766644
539766652
539766718
539766820
539766921
539766996
539767005
539767026
539767034
539767236
539767447
539767535
539767836
539768053
539768175
539768205
539768329
539768399
539768479
539768516
539768550
539768569
539768668
539768701
539768852
539769101
539769110
539769378
539769389
539769543
539769658
539769714
539769793
539769802
539769853
539770053
539770257
539770359
539770370
539770437
539770716
539770786
539770940
539770994
539771040
539771294
539771380
539771414
539771516
539771547
539771560
539771568
539771593
539771786
539771791
539771837
539771989
539772042
539772127
539772208
539772284
539772329
539772333
539772352
539772560
539772590
539772655
539772848
539772866
539772900
539773076
539773104
539773137
539773146
539773183
539773250
539773388
539773521
539773536
539773679
539773888
539773998
539774053
539774257
539774811
539775254
539775312
539775465
539775515
539775547
539775621
539775631
539775933
539776123
539776174
539776194
539776241
539776270
539776310
539776345
539776369
539776375
539776411
539776447
539776537
539776628
539776757
539776819
539777139
539777383
539777538
539777604
539777645
539777822
539777889
539777963
539777973
539778044
539778281
539778374
539778590
539778626
539778753
539778779
539778832
539778859
539778936
539778938
539778965
539778995
539779132
539779143
539779220
539779226
539779290
539779295
539779347
539779463
539779489
539779573
539779755
539779907
539780133
539780137
539780194
539780569
539780679
539780796
539780932
539780938
539781043
539781080
539781187
539781457
539781556
539781685
539781769
539781804
539781867
539781931
539782008
539782091
539782130
539782168
539782276
539782490
539782874
539783084
539783151
539783180
539783437
539783476
539783565
539783722
539783735
539783773
539783824
539783914
539783948
539783988
539784252
539784316
539784424
539784531
539784621
539784741
539784813
539784995
539785050
539785120
539785146
539785258
539785273
539785302
539785490
539785503
539785512
539785645
539786149
539786286
539786412
539786481
539786597
539786610
539786638
539786675
539786758
539786798
539787370
539787711
539787727
539787813
539787847
539787870
539787881
539787890
539787914
539788179
539788212
539788386
539788520
539788560
539788640
539788655
539788852
539788965
539788973
539789002
539789194
539789381
539789515
539789535
539789756
539789762
539789771
539789850
539790173
539790290
539790308
539790314
539790496
539790702
539790890
539791067
539791104
539791290
539791315
539791324
539791332
539791952
539791980
539792038
539792170
539792667
539792937
539793040
539793050
539793056
539793110
539793686
539794520
539794809
539795197
539795204
539795239
539795334
539795371
539795403
539795533
539795815
539795904
539795946
539796172
539796538
539796620
539796763
539797105
539797154
539797254
539797505
539797617
539797645
539798003
539798251
539798442
539798628
539799061
539799078
539799348
539799393
539799688
539800201
539800276
539800662
539800680
539800714
539801372
539801448
539801970
539802059
539802074
539802644
539802779
539803082
539803656
539803701
539804176
539804326
539804441
539804459
539804505
539805061
539805101
539805125
539805140
539805678
539805765
539806015
539806068
539806432
539806542
539806864
539806924
539806936
539807565
539807774
539807942
539808137
539808295
539808617
539808992
539809055
539809208
539809220
539809471
539809752
539809823
539810128
539810129
539810345
539810387
539810430
539810865
539810921
539811018
539811058
539811292
539811313
539811528
539811611
539811657
539812339
539812350
539812503
539812588
539812649
539812817
539813156
539813580
539813719
539813842
539813969
539814137
539814194
539814574
539814818
539814850
539815034
539815177
539815407
539815583
539815798
539816271
539816819
539817293
539817511
539818041
539818600
539818651
539818676
539818818
539818862
539818881
539818999
539819019
539819068
539819583
539819764
539820039
539820306
539820457
539820661
539820749
539820903
539821065
539821241
539821695
539821741
539822643
539823177
539823197
539823265
539823551
539823611
539824249
539824645
539824690
539824953
539825086
539825158
539825166
539825573
539825593
539825599
539825666
539826036
539826155
539826642
539826744
539827125
539827539
539827911
539828223
539828270
539828608
539828669
539828751
539829024
539829106
539829362
539829682
539829893
539830682
539830894
539831149
539831360
539831435
539831465
539831615
539831800
539831830
539832002
539832126
539832414
539832755
539833198
539833239
539833281
539833955
539834345
539834535
539834830
539834961
539835475
539835566
539836012
539836079
539836241
539836454
539836777
539837057
539837280
539837739
539837923
539838033
539838557
539838635
539838666
539838805
539838862
539839269
539839853
539840164
539840512
539840542
539840751
539840810
539840872
539841145
539841521
539842060
539842078
539842536
539842825
539843116
539843480
539843847
539844323
539844435
539844721
539845317
539845429
539845618
539845665
539845720
539845840
539845966
539846004
539846135
539846478
539847145
539847415
539847551
539847652
539847660
539848052
539848760
539848771
539848862
539848873
539849046
539849312
539849455
539849969
539850453
539851576
539851837
539852522
539852569
539852917
539853272
539854933
539855543
539856034
539856658
539856730
539856867
539856914
539856941
539856951
539857613
539857656
539859217
539859564
539859582
539859752
539860282
539860409
539860668
539860923
539862153
539862724
539863297
539863553
539863760
539864075
539864206
539864291
539864565
539864872
539864932
539865312
539865352
539865738
539865770
539866325
539866472
539866492
539866545
539866683
539866743
539866977
539867165
539867330
539867551
539867897
539869008
539869083
539869466
539869517
539869651
539869815
539870082
539870237
539870809
539870962
539871875
539872353
539872378
539872500
539872513
539872566
539872908
539872987
539873362
539873613
539873648
539873668
539873756
539873950
539874140
539874271
539874481
539874868
539874890
539875239
539875791
539875943
539876340
539876986
539877339
539877344
539877480
539878105
539878211
539878573
539879043
539880427
539880455
539880746
539880819
539881183
539881787
539882175
539882190
539882255
539882696
539882823
539883238
539883976
539884360
539884812
539885420
539885533
539885954
539886493
539887072
539887140
539887752
539887922
539887946
539888212
539888389
539888765
539888881
539888958
539889177
539889188
539889975
539890324
539890464
539890550
539890880
539891034
539891136
539891450
539891798
539892230
539892524
539892582
539892716
539892767
539892880
539893170
539894047
539894787
539895176
539895230
539895262
539895395
539895513
539895539
539895562
539895809
539896032
539896141
539896841
539897121
539897125
539897894
539897966
539898407
539898868
539899053
539899258
539899854
539899877
539899895
539900044
539900499
539900672
539901660
539901701
539901708
539901861
539901875
539901911
539902265
539902483
539902749
539902910
539903068
539903668
539903678
539904177
539904190
539904207
539904364
539904613
539904754
539905037
539906653
539906774
539906848
539906997
539907044
539907666
539907786
539907890
539908552
539908636
539908892
539909396
539909757
539909887
539910260
539910445
539910697
539911276
539911394
539911476
539911878
539911946
539913474
539913675
539914100
539914498
539915613
539915623
539915666
539915842
539916428
539916702
539916776
539917287
539918058
539918514
539918529
539919645
539919922
539920299
539920438
539920590
539920615
539921177
539921486
539922094
539922458
539922756
539922800
539922949
539922994
539923044
539923122
539923763
539923822
539923887
539923992
539924273
539924284
539924303
539924472
539924788
539924848
539924995
539925247
539925305
539926017
539926026
539926230
539926598
539927610
539927750
539927906
539928668
539929666
539929911
539930084
539930220
539930438
539931750
539932251
539932309
539932370
539932387
539933320
539933458
539933764
539934056
539934194
539934398
539935036
539935145
539935406
539935415
539935424
539935637
539936001
539936951
539937463
539938365
539938726
539939339
539939392
539940308
539940593
539940974
539941124
539941287
539943114
539943304
539943671
539943742
539943826
539944179
539944941
539944950
539945467
539945672
539945705
539946237
539946575
539948150
539948216
539949391
539950539
539950800
539950844
539950988
539951838
539951844
539952067
539952238
539952404
539952577
539952738
539953224
539953225
539954293
539954488
539954573
539954811
539954858
539955747
539958038
539958361
539958571
539958575
539958957
539959394
539959740
539960308
539961425
539961896
539963339
539964143
539964464
539964849
539965000
539965246
539965865
539965995
539966579
539966772
539966990
539967644
539968163
539968431
539968490
539968885
539968986
539969419
539969627
539969712
539969757
539970545
539971066
539971916
539972004
539972442
539973130
539973227
539973268
539973349
539973717
539973781
539974034
539975458
539976166
539976326
539976366
539978081
539978356
539979092
539979366
539980078
539980234
539980653
539981175
539981454
539981831
539981969
539982290
539982816
539983021
539983407
539983991
539984074
539984186
539984394
539984420
539985350
539985389
539985527
539985646
539985676
539985740
539985862
539986227
539986690
539987376
539987673
539987710
539987912
539988012
539988479
539988649
539988918
539989125
539989307
539989371
539989638
539989715
539989791
539990069
539990144
539990778
539990863
539991265
539991324
539991440
539992269
539992304
539992852
539993149
539993200
539993711
539994256
539994769
539994907
539995227
539995253
539995623
539996095
539996106
539996176
539997183
539997345
539998526
539998585
539998803
539999702
539999859
