1482700740.8	395
1482700780.17	395
1482700884.97	395
1482700990.53	395
1482701097.46	395
1482701203.65	396
1482701310.45	396
1482701416.31	396
1482701526.18	397
1482701631.73	397
1482701737.1	397
1482701842.89	398
1482701948.67	401
1482702055.12	401
1482702162.2	395
1482702268.83	395
1482702375.03	395
1482702481.57	395
1482702587.94	396
1482702693.56	396
1482702799.37	396
1482702909.36	396
1482703016.03	397
1482703157.94	398
1482703271.51	398
1482703383.37	399
1482703495.04	399
1482703605.74	399
1482703715.98	399
1482703826.64	392
1482703953.57	392
1482704126.6	392
1482704364.0	392
1482704521.76	392
1482704702.12	394
1482704851.59	395
1482705111.74	395
1482705344.63	395
1482705628.96	395
1482705786.49	395
1482705903.11	396
1482706021.14	396
1482706138.04	398
1482706257.46	398
1482706373.92	400
1482706490.97	400
1482706608.51	402
1482706726.04	404
1482706843.41	404
1482706960.25	407
1482707082.94	393
1482707257.27	393
1482707445.28	395
1482707587.38	395
1482707716.19	396
1482707837.01	397
1482707954.59	397
1482708073.12	397
1482708191.69	397
1482708311.61	397
1482708432.25	400
1482708551.63	402
1482708670.4	402
1482708788.14	402
1482708905.94	404
1482709023.23	404
1482709140.69	404
1482709257.64	404
1482709378.92	405
1482709498.31	394
1482709617.48	395
1482709735.49	395
1482709853.99	395
1482709970.03	395
1482710085.22	395
1482710200.83	395
1482710317.06	398
1482710433.55	398
1482710550.33	399
1482710666.57	400
1482710785.01	400
1482710900.61	400
1482711017.32	400
1482711133.52	402
1482711253.99	395
1482711376.97	395
1482711497.46	397
1482711616.11	397
1482711733.56	397
1482711850.4	397
1482711967.78	398
1482712085.27	398
1482712202.79	398
1482712320.4	398
1482712437.36	400
1482712553.48	400
1482712670.22	400
1482712785.58	400
1482712900.11	400
1482713014.97	400
1482713131.3	402
1482713251.5	390
1482713371.11	390
1482713490.8	392
1482713608.78	392
1482713726.67	392
1482713848.88	392
1482713967.92	393
1482714091.64	394
1482714214.35	397
1482714338.05	397
1482714458.44	398
1482714576.97	399
1482714700.28	399
1482714820.17	400
1482714939.78	400
1482715061.0	400
1482715187.63	382
1482715311.19	381
1482715437.12	381
1482715556.17	381
1482715673.02	381
1482715787.74	381
1482715914.02	383
1482716045.11	384
1482716161.42	384
1482716277.1	384
1482716391.07	387
1482716503.46	387
1482716616.86	387
1482716732.97	387
1482716848.02	389
1482716962.83	389
1482717080.66	389
1482717197.07	389
1482717311.86	393
1482717426.32	393
1482717555.13	379
1482717674.77	379
1482717794.59	384
1482717911.68	384
1482718055.27	385
1482718185.97	386
1482718304.32	386
1482718420.59	386
1482718537.3	386
1482718655.72	389
1482718773.23	389
1482718896.91	389
1482719019.93	390
1482719158.22	394
1482719276.98	395
1482719397.42	386
1482719520.37	386
1482719641.52	387
1482719765.52	388
1482719886.17	390
1482720006.09	390
1482720125.95	391
1482720256.33	394
1482720379.65	394
1482720498.25	394
1482720616.41	394
1482720733.77	397
1482720850.63	397
1482720967.17	399
1482721083.93	400
1482721205.32	388
1482721327.7	391
1482721450.02	393
1482721573.12	393
1482721694.45	394
1482721814.25	394
1482721935.62	396
1482722056.49	396
1482722176.61	396
1482722296.29	397
1482722415.81	397
1482722534.95	400
1482722658.13	400
1482722782.68	400
1482722903.83	401
1482723026.6	401
1482723147.02	401
1482723268.47	402
1482723391.86	404
1482723511.05	390
1482723629.4	390
1482723748.13	390
1482723866.23	390
1482723983.29	390
1482724103.85	391
1482724221.0	391
1482724338.16	391
1482724456.82	391
1482724576.93	391
1482724695.6	391
1482724813.72	391
1482724930.51	391
1482725047.64	392
1482725164.31	392
1482725284.85	389
1482725405.59	389
1482725525.54	389
1482725644.26	389
1482725760.37	389
1482725876.53	389
1482725995.01	390
1482726111.96	390
1482726229.88	391
1482726346.49	391
1482726462.38	392
1482726577.63	392
1482726692.35	398
1482726806.41	398
1482726922.22	398
1482727039.07	400
1482727152.58	400
1482727265.42	401
1482727378.15	401
1482727491.28	405
1482727607.64	395
1482727726.92	395
1482727846.69	396
1482727965.86	396
1482728082.85	396
1482728199.36	396
1482728316.92	396
1482728434.66	396
1482728552.03	396
1482728668.76	396
1482728785.93	397
1482728902.1	397
1482729017.14	397
1482729131.39	403
1482729245.98	403
1482729360.36	403
1482729478.99	384
1482729601.02	385
1482729722.42	386
1482729842.82	386
1482729963.52	386
1482730085.83	387
1482730244.64	387
1482730377.88	388
1482730498.34	388
1482730622.11	388
1482730742.33	389
1482730864.16	389
1482730983.47	389
1482731101.81	393
1482731244.22	393
1482731366.27	387
1482731489.24	387
1482731615.12	388
1482731738.01	388
1482731871.93	388
1482731995.68	388
1482732116.33	388
1482732236.77	389
1482732360.07	389
1482732479.57	389
1482732600.9	389
1482732720.14	389
1482732841.3	389
1482732959.6	389
1482733077.14	389
1482733197.18	380
1482733321.83	381
1482733441.29	383
1482733559.02	383
1482733676.59	385
1482733795.85	385
1482733916.15	385
1482734034.91	385
1482734158.19	385
1482734279.36	386
1482734396.75	386
1482734513.04	386
1482734628.54	386
1482734743.95	389
1482734859.47	389
1482734974.93	390
1482735093.62	380
1482735213.11	384
1482735333.76	384
1482735453.35	384
1482735571.51	388
1482735689.05	388
1482735806.9	388
1482735924.21	388
1482736041.09	390
1482736158.94	392
1482736276.85	392
1482736393.93	392
1482736509.86	393
1482736625.62	393
1482736740.68	395
1482736859.38	395
1482736981.38	396
1482737100.85	384
1482737229.18	384
1482737349.4	384
1482737475.19	384
1482737595.09	386
1482737715.07	386
1482737839.76	386
1482737958.79	389
1482738076.42	389
1482738193.4	389
1482738313.43	389
1482738430.41	391
1482738547.34	391
1482738663.57	391
1482738779.53	391
1482738896.85	392
1482739021.36	389
1482739141.03	389
1482739261.54	391
1482739380.46	391
1482739498.58	391
1482739616.54	391
1482739734.55	394
1482739852.9	394
1482739971.27	395
1482740091.18	396
1482740209.17	398
1482740325.17	398
1482740441.56	398
1482740556.18	398
1482740670.02	398
1482740788.86	399
1482740903.14	399
1482741024.69	386
1482741145.87	386
1482741264.48	388
1482741387.24	388
1482741505.04	388
1482741621.76	391
1482741740.27	391
1482741857.64	391
1482741975.39	392
1482742092.25	392
1482742211.27	394
1482742328.95	394
1482742446.6	394
1482742564.44	394
1482742682.69	394
1482742800.09	394
1482742918.64	396
1482743039.02	385
1482743161.09	385
1482743281.5	386
1482743400.76	386
1482743519.24	386
1482743637.89	386
1482743757.68	387
1482743877.28	387
1482743996.32	388
1482744117.89	389
1482744236.55	389
1482744354.25	389
1482744470.94	389
1482744587.31	394
1482744704.86	394
1482744822.65	395
1482744947.11	385
1482745071.43	385
1482745193.87	391
1482745315.38	391
1482745436.08	391
1482745556.47	393
1482745676.54	393
1482745796.15	394
1482745915.79	394
1482746035.91	395
1482746154.57	395
1482746272.64	395
1482746390.19	398
1482746511.97	398
1482746630.96	401
1482746753.39	395
1482746876.77	395
1482747003.51	396
1482747138.11	396
1482747266.51	398
1482747387.93	401
1482747512.41	401
1482747643.0	402
1482747772.56	402
1482747895.18	402
1482748016.74	402
1482748138.74	403
1482748260.0	403
1482748380.05	406
1482748500.3	408
1482748625.5	398
1482748747.93	398
1482748872.2	399
1482748994.98	399
1482749116.75	400
1482749238.23	401
1482749359.45	402
1482749480.35	402
1482749603.82	402
1482749724.18	402
1482749843.95	402
1482749963.2	402
1482750083.1	406
1482750201.71	406
1482750320.96	407
1482750439.89	407
1482750561.04	411
1482750683.66	395
1482750807.86	399
1482750930.54	400
1482751052.15	401
1482751174.61	402
1482751297.99	404
1482751421.74	404
1482751544.15	405
1482751666.56	405
1482751789.44	406
1482751911.74	407
1482752033.39	407
1482752155.16	409
1482752276.74	409
1482752403.88	411
1482752528.26	399
1482752652.26	400
1482752774.6	400
1482752898.75	402
1482753019.24	402
1482753140.83	403
1482753261.4	403
1482753382.46	407
1482753507.88	408
1482753632.27	408
1482753751.96	410
1482753871.7	410
1482753991.71	411
1482754111.37	411
1482754234.55	404
1482754359.92	404
1482754485.28	404
1482754610.6	404
1482754736.62	404
1482754859.43	404
1482754982.0	406
1482755104.43	406
1482755227.15	406
1482755348.81	406
1482755477.27	407
1482755599.05	407
1482755722.79	407
1482755843.01	409
1482755962.46	409
1482756081.14	412
1482756205.54	405
1482756329.44	405
1482756453.2	405
1482756578.43	405
1482756703.4	405
1482756826.15	405
1482756949.8	405
1482757072.9	408
1482757195.79	408
1482757318.69	412
1482757441.64	412
1482757562.74	412
1482757684.04	412
1482757805.17	413
1482757926.32	414
1482758050.69	407
1482758174.23	407
1482758298.77	408
1482758422.95	408
1482758546.39	408
1482758669.65	408
1482758796.5	409
1482758919.94	409
1482759043.22	412
1482759167.75	412
1482759290.64	413
1482759412.33	413
1482759533.54	414
1482759655.83	414
1482759777.15	415
1482759904.62	418
1482760033.52	410
1482760160.11	410
1482760285.67	410
1482760409.48	410
1482760535.12	412
1482760659.12	412
1482760782.02	412
1482760905.53	418
1482761032.37	418
1482761155.43	419
1482761280.37	419
1482761403.83	421
1482761525.72	421
1482761647.72	422
1482761770.03	423
1482761895.09	413
1482762020.16	413
1482762148.61	413
1482762273.66	413
1482762398.79	413
1482762521.92	413
1482762644.41	413
1482762767.1	414
1482762890.74	414
1482763014.25	414
1482763137.77	415
1482763259.56	416
1482763381.99	416
1482763506.51	417
1482763634.84	417
1482763764.27	422
1482763893.73	423
1482764024.12	423
1482764157.5	416
1482764292.05	416
1482764425.01	421
1482764555.93	421
1482764686.48	421
1482764816.61	424
1482764948.68	424
1482765077.75	425
1482765207.88	426
1482765336.85	427
1482765463.96	427
1482765589.67	427
1482765715.93	428
1482765847.01	428
1482765973.95	431
1482766104.96	418
1482766236.35	418
1482766371.74	422
1482766511.86	422
1482766641.88	423
1482766779.79	424
1482766907.63	424
1482767038.8	426
1482767166.9	427
1482767296.88	428
1482767424.66	428
1482767553.51	429
1482770022.81	430
1482770231.72	433
1482770397.31	421
1482770550.83	421
1482770723.72	421
1482770876.07	421
1482771021.06	421
1482771195.15	421
1482771364.26	421
1482771505.93	421
1482771632.89	423
1482771759.13	423
1482771889.28	423
1482772017.46	425
1482772144.55	427
1482772270.52	427
1482772395.32	430
1482772569.84	430
1482772741.61	432
1482772888.88	432
1482773017.18	432
1482773144.59	432
1482773273.68	436
1482773400.0	436
1482773532.05	439
1482773665.38	424
1482773796.54	424
1482773926.78	424
1482774057.1	426
1482774189.44	426
1482774317.15	426
1482774444.94	427
1482774572.92	427
1482774700.0	428
1482774827.44	428
1482774953.72	428
1482775079.16	428
1482775203.8	430
1482775337.31	430
1482775461.44	431
1482775585.55	432
1482775713.21	434
1482775843.66	415
1482775972.0	417
1482776101.27	417
1482776228.53	417
1482776357.64	421
1482776488.83	421
1482776616.86	423
1482776746.77	423
1482776878.17	425
1482777005.67	426
1482777132.76	426
1482777258.85	428
1482777385.07	428
1482777511.28	430
1482777637.83	430
1482777763.94	431
1482777895.3	418
1482778024.37	418
1482778153.82	418
1482778282.98	420
1482778413.96	420
1482778541.97	421
1482778670.24	423
1482778800.06	423
1482778929.73	424
1482779058.35	424
1482779187.58	425
1482779313.91	425
1482779439.6	425
1482779567.04	425
1482779693.55	429
1482779820.14	429
1482779946.09	433
1482780074.01	418
1482780201.68	421
1482780330.12	421
1482780459.44	421
1482780589.34	421
1482780717.74	423
1482780850.59	423
1482780979.55	423
1482781108.77	424
1482781238.3	424
1482781402.75	425
1482781536.37	425
1482781679.91	425
1482781823.49	425
1482781959.09	426
1482782095.42	426
1482782231.33	427
1482782369.29	402
1482782507.15	402
1482782644.43	402
1482782783.69	402
1482782912.6	406
1482783045.84	406
1482783185.14	407
1482783312.75	408
1482783440.34	408
1482783566.25	408
1482783691.63	409
1482783818.12	409
1482783943.59	409
1482784069.09	409
1482784194.15	409
1482784319.16	412
1482784447.63	401
1482784577.76	401
1482784707.04	403
1482784835.84	403
1482784963.99	405
1482785092.47	405
1482785221.51	405
1482785350.26	408
1482785479.19	408
1482785607.97	408
1482785734.9	408
1482785863.41	409
1482785989.48	409
1482786114.15	409
1482786240.7	409
1482786370.49	399
1482786500.9	399
1482786631.87	402
1482786761.43	402
1482786890.4	402
1482787018.25	402
1482787146.65	403
1482787276.39	403
1482787405.03	406
1482787546.08	406
1482787674.48	406
1482787805.67	406
1482787934.97	406
1482788064.17	408
1482788193.19	410
1482788323.93	411
1482788462.27	395
1482788599.66	396
1482788738.98	396
1482788869.45	396
1482789000.85	396
1482789128.9	396
1482789258.99	398
1482789387.82	398
1482789516.36	398
1482789643.96	398
1482789770.9	401
1482789897.9	401
1482790024.04	401
1482790150.4	401
1482790275.98	404
1482790402.49	404
1482790532.28	406
1482790660.06	395
1482790787.05	395
1482790916.12	396
1482791043.89	396
1482791170.24	396
1482791296.51	398
1482791422.41	398
1482791548.17	401
1482791673.5	401
1482791799.2	401
1482791923.97	401
1482792049.37	403
1482792174.39	403
1482792299.17	404
1482792424.22	404
1482792550.3	405
1482792675.04	406
1482792802.24	397
1482792929.18	397
1482793055.69	398
1482793184.65	398
1482793310.49	398
1482793436.46	399
1482793563.97	399
1482793693.63	400
1482793820.13	401
1482793946.55	401
1482794072.38	401
1482794197.62	401
1482794322.18	401
1482794447.39	401
1482794574.36	401
1482794699.49	401
1482794833.39	392
1482794960.86	392
1482795090.27	392
1482795216.7	392
1482795343.83	392
1482795470.53	392
1482795596.91	392
1482795722.97	392
1482795848.8	395
1482795978.99	396
1482796105.9	396
1482796233.05	396
1482796361.54	398
1482796486.84	398
1482796616.19	400
1482796743.54	400
1482796878.04	403
1482797008.8	381
1482797135.01	381
1482797260.37	382
1482797387.01	382
1482797511.22	383
1482797636.22	385
1482797761.78	387
1482797886.17	388
1482798011.92	388
1482798137.52	388
1482798262.33	390
1482798386.96	392
1482798510.46	392
1482798634.71	394
1482798758.14	394
1482798892.55	397
1482799019.92	386
1482799151.12	386
1482799278.79	386
1482799405.37	387
1482799533.14	387
1482799659.12	389
1482799785.36	389
1482799912.78	391
1482800039.93	391
1482800167.16	391
1482800294.12	392
1482800422.16	392
1482800547.29	392
1482800672.69	392
1482800800.84	397
1482800928.96	377
1482801056.93	377
1482801186.65	379
1482801313.78	379
1482801443.67	379
1482801570.83	381
1482801698.14	381
1482801825.4	382
1482801954.81	382
1482802082.39	385
1482802208.31	385
1482802333.25	385
1482802457.33	386
1482802581.19	389
1482802705.45	389
1482802831.69	378
1482802958.9	378
1482803085.21	378
1482803211.15	378
1482803339.93	379
1482803463.67	380
1482803587.89	381
1482803711.97	381
1482803836.4	381
1482803961.49	381
1482804085.93	381
1482804210.79	383
1482804335.02	383
1482804458.82	385
1482804583.65	385
1482804711.84	380
1482804842.04	380
1482804969.9	380
1482805096.23	380
1482805221.89	381
1482805348.0	381
1482805475.75	382
1482805601.71	382
1482805730.75	383
1482805861.2	383
1482805992.61	383
1482806117.9	384
1482806242.93	384
1482806368.99	387
1482806494.55	387
1482806621.34	390
1482806751.42	379
1482806879.83	379
1482807008.78	379
1482807135.37	379
1482807261.33	381
1482807387.52	381
1482807513.54	381
1482807640.27	381
1482807766.45	381
1482807892.02	381
1482808018.76	381
1482808144.74	382
1482808270.11	382
1482808395.36	383
1482808519.52	384
1482808644.24	385
1482808768.32	386
1482808896.54	374
1482809030.0	374
1482809159.09	374
1482809285.9	374
1482809412.54	378
1482809540.17	382
1482809667.78	382
1482809794.72	383
1482809921.41	383
1482810048.77	384
1482810178.73	384
1482810333.3	384
1482810413.11	384
1482810491.34	387
1482810569.84	387
1482810647.31	387
1482810725.63	388
1482810808.74	380
1482810888.58	380
1482810968.84	382
1482811048.04	383
1482811127.3	383
1482811207.04	383
1482811286.12	383
1482811364.69	383
1482811444.25	383
1482811523.25	384
1482811601.78	384
1482811681.35	386
1482811762.17	387
1482811840.85	387
1482811920.37	388
1482812000.48	388
1482812080.97	388
1482812174.77	388
1482812256.69	388
1482812333.36	388
1482812409.41	388
1482812486.91	388
1482812563.81	388
1482812640.95	392
1482812720.62	381
1482812805.0	381
1482812885.42	381
1482812967.35	382
1482813048.26	383
1482813127.58	383
1482813207.62	384
1482813285.32	384
1482813364.4	385
1482813445.4	385
1482813524.93	385
1482813604.08	385
1482813682.51	386
1482813762.1	386
1482813840.44	387
1482813919.23	387
1482813998.95	387
1482814075.74	387
1482814153.1	387
1482814233.96	387
1482814310.31	388
1482814386.88	388
1482814462.43	388
1482814538.87	390
1482814616.18	373
1482814699.37	373
1482814777.77	373
1482814856.29	374
1482814935.82	374
1482815013.91	374
1482815093.2	374
1482815171.04	376
1482815249.3	376
1482815326.93	379
1482815404.83	379
1482815482.31	379
1482815560.58	380
1482815637.76	380
1482815715.22	382
1482815792.76	382
1482815870.56	382
1482815948.51	383
1482816027.51	383
1482816106.06	383
1482816183.49	383
1482816261.04	386
1482816337.62	386
1482816413.5	386
1482816489.26	386
1482816570.3	368
1482816649.35	368
1482816737.44	369
1482816817.71	370
1482816897.21	370
1482816977.69	370
1482817057.21	370
1482817137.83	371
1482817217.02	371
1482817297.3	372
1482817376.26	372
1482817456.26	372
1482817534.28	373
1482817611.36	373
1482817688.96	373
1482817767.38	373
1482817845.05	373
1482817920.74	373
1482817995.69	373
1482818069.92	373
1482818144.71	373
1482818218.87	375
1482818293.42	376
1482818368.54	376
1482818446.1	376
1482818524.28	376
1482818603.92	366
1482818686.36	366
1482818768.03	366
1482818850.19	367
1482818931.68	367
1482819012.44	367
1482819089.36	367
1482819166.57	370
1482819242.96	370
1482819320.83	371
1482819399.89	371
1482819476.83	371
1482819553.68	371
1482819630.66	371
1482819707.12	371
1482819784.3	373
1482819861.09	373
1482819938.34	373
1482820013.86	373
1482820092.63	373
1482820168.13	373
1482820243.3	373
1482820320.53	374
1482820397.13	374
1482820490.61	374
1482820566.22	375
1482820649.36	362
1482820730.2	362
1482820811.78	363
1482820890.39	364
1482820968.63	364
1482821046.4	364
1482821124.44	366
1482821200.54	366
1482821276.76	366
1482821353.82	366
1482821431.54	366
1482821509.24	366
1482821586.27	367
1482821663.53	367
1482821741.01	368
1482821818.63	368
1482821894.87	368
1482821970.41	368
1482822045.39	368
1482822119.38	368
1482822192.87	369
1482822266.26	371
1482822341.01	371
1482822414.82	372
1482822488.98	375
1482822568.63	365
1482822647.16	365
1482822725.29	366
1482822803.27	366
1482822881.08	366
1482822956.58	366
1482823032.0	366
1482823107.93	366
1482823184.52	367
1482823261.14	368
1482823337.3	368
1482823411.71	368
1482823487.18	368
1482823562.38	368
1482823638.25	370
1482823713.31	370
1482823788.89	370
1482823863.82	372
1482823942.66	372
1482824016.44	372
1482824089.78	372
1482824163.38	374
1482824236.09	374
1482824308.0	374
1482824379.97	375
1482824455.25	375
1482824527.6	375
1482824600.25	379
1482824673.6	379
1482824745.25	379
1482824817.71	380
1482824897.92	362
1482824979.29	362
1482825061.77	363
1482825142.27	364
1482825222.08	364
1482825300.18	364
1482825376.84	364
1482825453.07	364
1482825529.22	364
1482825605.18	364
1482825682.14	364
1482825758.5	364
1482825835.37	365
1482825911.43	365
1482825987.59	366
1482826064.29	366
1482826144.0	366
1482826219.34	367
1482826298.68	368
1482826374.63	368
1482826448.23	369
1482826521.97	369
1482826596.06	369
1482826668.41	372
1482826740.93	372
1482826814.54	372
1482826889.94	372
1482826965.39	373
1482827039.18	373
1482827112.03	373
1482827185.8	376
1482827263.75	366
1482827340.99	366
1482827418.83	366
1482827495.83	368
1482827572.66	368
1482827649.94	368
1482827728.12	369
1482827804.19	369
1482827881.75	369
1482827959.91	370
1482828036.13	371
1482828111.28	371
1482828189.67	371
1482828267.07	371
1482828345.14	371
1482828421.34	371
1482828496.55	371
1482828572.7	371
1482828647.61	371
1482828723.61	375
1482828798.46	375
1482828873.19	375
1482828951.69	375
1482829025.7	375
1482829104.01	379
1482829179.02	379
1482829262.4	369
1482829340.23	369
1482829417.83	370
1482829499.17	370
1482829577.25	370
1482829655.74	370
1482829731.9	372
1482829808.49	372
1482829884.77	372
1482829961.69	374
1482830037.93	374
1482830115.02	374
1482830191.48	374
1482830269.88	374
1482830347.97	374
1482830424.87	374
1482830500.99	374
1482830575.45	377
1482830649.64	377
1482830727.34	377
1482830803.24	379
1482830878.06	379
1482830957.17	379
1482831031.8	379
1482831109.11	381
1482831187.99	370
1482831269.01	370
1482831353.7	370
1482831433.73	371
1482831513.28	371
1482831591.2	371
1482831677.13	371
1482831754.17	373
1482831831.96	373
1482831909.74	376
1482831986.56	376
1482832063.77	376
1482832143.63	376
1482832223.92	376
1482832300.55	376
1482832379.42	377
1482832458.39	377
1482832535.83	377
1482832613.3	381
1482832689.89	381
1482832767.08	381
1482832848.65	384
1482832926.09	384
1482833003.83	384
1482833080.33	388
1482833157.82	382
1482833240.13	382
1482833320.55	382
1482833401.19	383
1482833484.05	383
1482833573.57	383
1482833654.22	384
1482833746.13	387
1482833830.2	387
1482833909.53	391
1482833988.33	391
1482834069.12	391
1482834153.41	392
1482834233.9	392
1482834315.86	392
1482834396.27	392
1482834474.76	393
1482834552.6	394
1482834632.63	394
1482834715.14	394
1482834793.92	394
1482834870.8	394
1482834948.55	397
1482835028.79	397
1482835109.1	397
1482835187.05	398
1482835267.89	382
1482835349.4	382
1482835432.22	382
1482835514.77	383
1482835596.64	383
1482835675.44	383
1482835753.03	384
1482835830.47	384
1482835908.04	386
1482835993.37	387
1482836070.9	387
1482836150.01	387
1482836235.42	389
1482836313.2	389
1482836392.03	390
1482836470.09	390
1482836548.38	390
1482836625.88	391
1482836702.7	391
1482836779.21	391
1482836856.33	393
1482836933.6	393
1482837010.68	393
1482837086.87	394
1482837164.59	384
1482837242.94	384
1482837320.84	384
1482837399.26	385
1482837475.99	385
1482837554.14	385
1482837632.84	386
1482837713.98	389
1482837790.87	389
1482837870.86	390
1482837951.03	390
1482838029.54	390
1482838107.39	393
1482838186.11	393
1482838266.68	393
1482838352.62	393
1482838430.86	393
1482838508.66	393
1482838587.01	395
1482838664.27	395
1482838741.1	395
1482838819.55	395
1482838896.3	400
1482838972.22	400
1482839049.06	400
1482839126.25	401
1482839207.44	391
1482839288.23	390
1482839371.13	390
1482839452.47	392
1482839539.04	392
1482839618.36	392
1482839697.06	392
1482839776.02	392
1482839854.75	394
1482839933.92	397
1482840016.79	397
1482840119.84	397
1482840200.68	397
1482840285.54	397
1482840374.44	397
1482840455.01	397
1482840534.49	402
1482840617.94	402
1482840695.84	402
1482840774.21	402
1482840857.59	402
1482840935.27	403
1482841018.63	403
1482841100.39	403
1482841179.24	403
1482841260.72	403
1482841338.34	403
1482841418.31	410
1482841501.54	400
1482841583.82	400
1482841665.03	400
1482841746.76	403
1482841828.92	403
1482841912.16	403
1482841993.47	403
1482842073.77	403
1482842162.26	403
1482842244.59	403
1482842324.42	403
1482842413.42	403
1482842493.86	405
1482842575.12	405
1482842656.52	405
1482842736.68	405
1482842817.19	405
1482842899.02	409
1482842978.34	409
1482843063.08	409
1482843149.16	411
1482843227.97	411
1482843308.47	412
1482843387.35	414
1482843471.45	401
1482843558.27	401
1482843641.95	402
1482843727.27	402
1482843808.63	402
1482843889.35	403
1482843967.86	404
1482844045.82	404
1482844124.75	404
1482844205.68	406
1482844286.11	406
1482844366.63	407
1482844446.93	407
1482844527.43	407
1482844609.1	407
1482844689.06	407
1482844768.34	407
1482844846.87	407
1482844926.1	407
1482845005.41	407
1482845083.66	407
1482845162.93	407
1482845241.49	408
1482845319.51	408
1482845397.23	408
1482845481.41	410
1482845570.74	396
1482845657.92	396
1482845747.47	396
1482845846.1	396
1482845930.8	396
1482846023.39	397
1482846106.43	397
1482846189.38	399
1482846275.31	399
1482846358.16	399
1482846440.24	401
1482846522.92	401
1482846608.37	401
1482846690.92	401
1482846774.21	405
1482846855.81	405
1482846939.87	405
1482847021.67	405
1482847103.15	406
1482847185.28	406
1482847266.61	406
1482847347.48	408
1482847427.58	408
1482847507.6	408
1482847586.71	408
1482847666.03	414
1482847749.81	414
1482847830.35	414
1482847910.09	414
1482847994.69	399
1482848083.26	399
1482848167.15	400
1482848254.92	402
1482848337.78	402
1482848421.44	402
1482848504.95	404
1482848587.29	404
1482848670.13	408
1482848753.77	408
1482848835.83	408
1482848918.4	410
1482849000.93	410
1482849102.53	410
1482849184.75	410
1482849276.67	410
1482849362.58	411
1482849451.38	411
1482849550.87	411
1482849640.6	411
1482849761.44	412
1482849843.91	412
1482849924.72	412
1482850010.38	413
1482850102.46	399
1482850189.68	399
1482850280.73	401
1482850372.57	403
1482850460.12	403
1482850548.88	404
1482850634.53	404
1482850719.13	407
1482850804.09	407
1482850888.96	407
1482850976.01	408
1482851062.05	410
1482851149.2	410
1482851235.45	410
1482851319.32	410
1482851403.52	410
1482851484.41	411
1482851566.74	411
1482851648.0	412
1482851734.69	413
1482851816.45	413
1482851898.04	413
1482851981.58	415
1482852064.3	404
1482852160.02	404
1482852244.23	404
1482852328.37	406
1482852413.01	406
1482852496.34	406
1482852578.61	406
1482852668.1	406
1482852756.84	407
1482852842.36	408
1482852925.14	408
1482853008.17	410
1482853098.58	411
1482853185.15	411
1482853267.98	413
1482853356.26	413
1482853438.72	413
1482853521.0	414
1482853606.59	415
1482853691.08	415
1482853771.91	415
1482853852.87	415
1482853945.77	415
1482854026.84	418
1482854115.35	408
1482854202.36	408
1482854287.54	408
1482854373.24	409
1482854458.95	409
1482854543.62	409
1482854628.04	412
1482854714.9	412
1482854798.77	413
1482854882.52	413
1482854967.31	413
1482855055.81	416
1482855138.78	416
1482855223.34	416
1482855307.03	416
1482855390.89	416
1482855474.79	417
1482855558.6	417
1482855649.72	417
1482855734.04	417
1482855818.96	417
1482855901.99	417
1482855984.48	418
1482856071.63	412
1482856156.01	412
1482856243.98	412
1482856333.31	414
1482856421.02	415
1482856510.14	415
1482856595.72	416
1482856681.95	419
1482856767.08	419
1482856852.85	419
1482856938.86	419
1482857023.94	419
1482857108.82	422
1482857193.14	422
1482857277.92	422
1482857365.39	423
1482857450.63	423
1482857536.27	424
1482857624.88	424
1482857709.04	424
1482857795.42	427
1482857893.86	427
1482857977.92	429
1482858065.05	416
1482858154.73	416
1482858241.56	417
1482858329.41	418
1482858415.61	418
1482858499.58	418
1482858588.27	422
1482858672.77	422
1482858757.85	424
1482858845.44	424
1482858933.09	424
1482859019.25	425
1482859108.49	427
1482859193.68	427
1482859280.41	427
1482859366.46	429
1482859451.19	429
1482859536.76	429
1482859621.44	429
1482859705.65	429
1482859788.83	433
1482859877.37	433
1482859962.22	433
1482860047.9	433
1482860136.0	435
1482860225.35	427
1482860315.44	427
1482860409.4	427
1482860497.55	427
1482860593.57	427
1482860681.54	427
1482860767.84	430
1482860865.17	430
1482860959.01	430
1482861048.9	431
1482861140.12	431
1482861227.54	431
1482861315.09	433
1482861402.8	433
1482861498.34	433
1482861585.09	434
1482861674.71	434
1482861764.19	434
1482861849.1	435
1482861934.5	435
1482862019.23	435
1482862108.95	437
1482862246.51	437
1482862406.25	438
1482862562.01	438
1482862720.98	440
1482862882.07	416
1482863036.62	417
1482863189.66	417
1482863342.16	418
1482863494.18	421
1482863647.12	421
1482863798.27	425
1482863950.33	425
1482864108.65	426
1482864259.23	427
1482864410.72	427
1482864566.96	430
1482864729.08	430
1482864893.78	430
1482865056.15	430
1482865223.17	430
1482865383.63	413
1482865546.78	413
1482865735.44	415
1482866010.28	415
1482866437.9	415
1482866727.95	417
1482866979.49	417
1482867442.25	419
1482867668.04	419
1482867817.08	421
1482867961.41	421
1482868105.44	421
1482868249.61	421
1482868395.44	423
1482868546.38	423
1482868697.68	391
1482868855.66	391
1482869005.86	393
1482869156.43	395
1482869307.76	395
1482869458.07	395
1482869607.77	398
1482869757.92	399
1482869908.49	399
1482870059.34	399
1482870207.21	399
1482870354.46	400
1482870502.06	401
1482870651.15	404
1482870799.39	405
1482870952.63	387
1482871105.51	387
1482871256.81	387
1482871408.86	388
1482871559.28	388
1482871709.72	389
1482871860.38	393
1482872009.87	393
1482872159.35	395
1482872307.8	395
1482872455.57	395
1482872603.0	396
1482872750.64	397
1482872902.28	379
1482873054.48	381
1482873205.96	382
1482873355.83	382
1482873505.82	383
1482873658.19	386
1482873809.51	386
1482873971.39	388
1482874121.7	388
1482874280.02	389
1482874435.11	389
1482874583.65	395
1482874733.12	395
1482874884.82	385
1482875046.18	385
1482875198.65	385
1482875349.24	385
1482875499.09	385
1482875649.17	385
1482875798.52	386
1482875947.84	389
1482876097.13	394
1482876246.51	393
1482876396.51	393
1482876546.46	394
1482876694.28	394
1482876841.6	387
1482876993.5	387
1482877146.37	387
1482877297.38	388
1482877447.55	388
1482877597.31	388
1482877746.3	388
1482877895.62	388
1482878043.71	388
1482878191.89	391
1482878340.11	391
1482878490.36	392
1482878638.64	392
1482878785.05	392
1482878933.82	378
1482879085.12	378
1482879234.79	379
1482879385.01	379
1482879535.83	379
1482879687.55	381
1482879839.83	381
1482879996.23	382
1482880147.25	382
1482880296.73	384
1482880443.78	384
1482880590.14	384
1482880736.65	384
1482880883.55	384
1482881033.44	376
1482881183.53	376
1482881332.97	376
1482881484.25	377
1482881632.48	377
1482881781.13	377
1482881930.55	378
1482882079.45	378
1482882226.69	378
1482882372.48	379
1482882520.69	379
1482882666.3	380
1482882811.62	381
1482882961.09	368
1482883113.49	369
1482883266.54	369
1482883416.7	370
1482883567.15	371
1482883716.5	371
1482883866.67	374
1482884016.61	374
1482884165.93	374
1482884312.48	374
1482884459.46	374
1482884605.61	375
1482884751.52	377
1482884900.91	364
1482885054.33	366
1482885206.0	366
1482885355.34	366
1482885504.08	367
1482885652.92	368
1482885802.92	369
1482885953.57	369
1482886103.66	370
1482886256.87	371
1482886405.84	371
1482886553.98	376
1482886702.48	376
1482886854.27	362
1482887005.34	362
1482887157.24	366
1482887312.1	366
1482887464.13	367
1482887621.28	368
1482887774.11	370
1482887926.72	370
1482888078.34	371
1482888229.81	373
1482888381.26	375
1482888532.0	376
1482888682.87	378
1482888840.21	369
1482888998.14	370
1482889154.16	370
1482889307.74	370
1482889459.16	370
1482889610.44	371
1482889762.35	371
1482889914.21	371
1482890065.07	371
1482890214.76	374
1482890363.57	376
1482890511.97	376
1482890668.98	377
1482890817.99	377
1482890976.46	378
1482891126.98	379
1482891283.99	361
1482891444.34	361
1482891599.24	367
1482891754.8	367
1482891906.81	368
1482892059.27	368
1482892214.91	369
1482892371.35	372
1482892521.92	372
1482892672.62	374
1482892822.93	373
1482892972.94	376
1482893123.18	377
1482893275.36	366
1482893429.02	367
1482893581.7	368
1482893732.34	368
1482893882.59	368
1482894032.73	369
1482894184.1	370
1482894334.49	371
1482894483.7	371
1482894632.92	372
1482894782.81	372
1482894931.27	375
1482895084.74	378
1482895242.86	369
1482895401.63	371
1482895554.89	373
1482895705.54	376
1482895855.01	377
1482896004.26	377
1482896154.18	378
1482896306.17	378
1482896454.85	378
1482896602.22	378
1482896748.72	378
1482896897.33	379
1482897045.2	383
1482897194.48	373
1482897344.67	373
1482897494.42	376
1482897642.62	376
1482897790.74	377
1482897940.25	377
1482898088.15	377
1482898235.83	377
1482898383.25	379
1482898534.31	379
1482898680.25	379
1482898825.59	379
1482898971.14	380
1482899126.66	370
1482899274.95	372
1482899433.34	372
1482899579.42	372
1482899726.13	375
1482899871.89	375
1482900018.14	376
1482900165.59	377
1482900311.65	377
1482900457.19	377
1482900601.31	377
1482900748.04	379
1482900892.46	379
1482901037.54	370
1482901187.27	370
1482901335.24	372
1482901489.29	372
1482901637.4	373
1482901785.15	374
1482901932.83	374
1482902080.65	374
1482902231.0	378
1482902379.9	381
1482902525.2	381
1482902670.42	384
1482902816.15	384
1482902961.4	384
1482903106.76	385
1482903252.61	385
1482903403.15	371
1482903554.5	371
1482903705.31	373
1482903854.57	373
1482904002.23	373
1482904149.85	375
1482904297.33	375
1482904444.97	379
1482904592.36	379
1482904738.89	379
1482904886.24	383
1482905038.19	383
1482905187.29	385
1482905333.27	385
1482905482.18	377
1482905631.23	377
1482905784.12	377
1482905930.03	377
1482906077.73	379
1482906227.95	380
1482906374.56	380
1482906525.92	381
1482906680.6	384
1482906829.05	384
1482906975.03	384
1482907120.26	385
1482907265.81	385
1482907416.87	374
1482907566.42	374
1482907719.63	379
1482907869.72	379
1482908020.5	379
1482908176.8	382
1482908326.06	382
1482908475.27	384
1482908624.58	386
1482908773.83	386
1482908923.7	386
1482909075.79	386
1482909225.77	388
1482909377.88	390
1482909529.01	368
1482909686.99	371
1483191669.82	406
1483191852.64	408
1483192036.37	410
1483192225.62	394
1483192420.41	394
1483192609.86	398
1483192793.77	398
1483192979.26	401
1483193172.47	401
1483193356.67	401
1483193540.61	401
1483193723.26	405
1483193909.99	405
1483194093.53	405
1483194274.82	408
1483194456.84	408
1483194638.53	408
1483194820.15	408
1483195003.27	408
1483195192.63	393
1483195381.16	396
1483195569.23	397
1483195753.53	400
1483195940.68	400
1483196125.13	401
1483196308.38	402
1483196496.2	406
1483196683.18	409
1483196867.29	409
1483197048.54	411
1483197230.64	411
1483197413.18	412
1483197604.7	414
1483197798.42	405
1483197994.24	406
1483198179.31	410
1483198366.3	410
1483198552.06	410
1483198739.09	410
1483198925.99	414
1483199111.42	414
1483199296.55	417
1483199480.61	417
1483199664.01	421
1483199847.1	422
1483200030.48	422
1483200233.11	410
1483200428.34	415
1483200622.37	415
1483200809.13	416
1483200993.59	416
1483201181.0	417
1483201366.38	418
1483201549.69	418
1483201741.58	418
1483201924.54	418
1483202109.55	421
1483202300.38	421
1483202487.16	422
1483202674.09	407
1483202867.33	407
1483203059.51	411
1483203248.4	411
1483203436.36	411
1483203625.21	413
1483203816.54	413
1483204036.16	416
1483204231.28	416
1483204419.73	418
1483204605.25	420
1483204792.36	420
1483204978.87	421
1483205164.77	421
1483205353.87	421
1483205539.7	421
1483205729.14	403
1483205917.01	408
1483206107.65	408
1483206295.83	413
1483206484.03	413
1483206671.47	415
1483206861.24	415
1483207047.2	416
1483207232.1	416
1483207419.67	417
1483207607.39	418
1483207792.72	418
1483207980.34	421
1483208169.06	422
1483208356.63	408
1483208550.06	410
1483208741.25	412
1483208933.37	413
1483209123.22	413
1483209316.06	413
1483209507.04	413
1483209697.83	415
1483209886.53	416
1483210074.28	418
1483210260.4	418
1483210451.4	418
1483210639.7	409
1483210830.45	410
1483211025.22	410
1483211218.36	413
1483211411.94	413
1483211603.52	415
1483211794.15	416
1483211983.78	418
1483212173.32	418
1483212363.86	419
1483212555.2	419
1483212744.68	419
1483212934.29	397
1483213128.92	398
1483213321.6	399
1483213510.99	399
1483213698.95	402
1483213886.58	402
1483214074.02	403
1483214261.06	405
1483214447.31	405
1483214632.04	406
1483214815.61	406
1483214998.49	406
1483215183.07	406
1483215370.22	406
1483215561.24	386
1483215754.32	389
1483215945.15	390
1483216133.86	390
1483216328.84	390
1483216516.22	391
1483216703.78	391
1483216888.22	392
1483217069.93	394
1483217251.56	396
1483217433.28	397
1483217616.54	397
1483217803.11	381
1483217989.21	381
1483218174.62	381
1483218360.86	382
1483218546.26	383
1483218730.23	384
1483218914.7	384
1483219097.06	385
1483219276.39	386
1483219457.3	386
1483219635.45	390
1483219822.59	390
1483220012.33	372
1483220202.84	374
1483220390.52	374
1483220576.07	374
1483220761.38	374
1483220947.23	374
1483221130.33	374
1483221311.02	374
1483221489.94	375
1483221668.26	376
1483221851.91	376
1483222030.27	376
1483222213.85	363
1483222397.24	365
1483222578.91	365
1483222759.95	367
1483222940.84	367
1483223120.23	367
1483223299.88	368
1483223477.81	370
1483223655.62	371
1483223830.47	372
1483224007.17	372
1483224184.45	373
1483224361.67	374
1483224541.84	361
1483224722.45	363
1483224902.83	363
1483225081.32	364
1483225264.8	364
1483225450.75	364
1483225629.73	364
1483225809.71	364
1483225981.79	364
1483226153.06	364
1483226319.16	365
1483226486.02	365
1483226655.49	362
1483226827.38	362
1483227006.47	365
1483227189.1	366
1483227364.17	366
1483227535.63	367
1483227706.93	367
1483227880.17	367
1483228047.54	367
1483228213.97	368
1483228382.7	368
1483228548.0	368
1483228714.62	368
1483228886.11	351
1483229058.67	351
1483229229.95	351
1483229400.91	351
1483229569.53	351
1483229743.41	352
1483229918.9	352
1483230089.79	352
1483230258.13	353
1483230422.6	353
1483230592.38	355
1483230756.34	355
1483230918.02	355
1483231082.65	355
1483231252.95	344
1483231421.05	346
1483231590.77	346
1483231756.81	348
1483231922.69	348
1483232088.7	349
1483232253.62	350
1483232418.01	350
1483232581.07	350
1483232743.87	351
1483232906.28	351
1483233068.16	351
1483233229.3	353
1483233389.28	353
1483233550.14	353
1483233710.5	353
1483233873.98	338
1483234038.33	340
1483234201.94	340
1483234365.84	342
1483234528.76	342
1483234700.92	342
1483234868.46	344
1483235032.77	347
1483235196.39	349
1483235358.07	350
1483235518.96	350
1483235681.49	350
1483235842.06	350
1483236007.19	346
1483236175.87	346
1483236346.43	346
1483236510.47	348
1483236674.57	348
1483236844.07	350
1483237010.07	350
1483237173.92	350
1483237335.99	351
1483237498.49	351
1483237659.53	352
1483237820.83	352
1483237993.49	354
1483238153.96	354
1483238323.97	341
1483238491.67	342
1483238656.13	342
1483238821.52	344
1483238985.12	344
1483239148.55	346
1483239313.67	347
1483239476.46	347
1483239639.46	347
1483239802.98	348
1483239965.15	348
1483240128.81	348
1483240290.28	349
1483240453.26	342
1483240621.7	342
1483240790.26	344
1483240957.35	344
1483241122.05	346
1483241285.43	346
1483241449.24	347
1483241612.9	348
1483241776.37	350
1483241946.37	350
1483242107.75	352
1483242270.03	352
1483242429.74	352
1483242595.76	352
1483242766.29	343
1483242933.97	347
1483243100.83	347
1483243266.25	348
1483243430.47	348
1483243595.27	350
1483243760.03	350
1483243925.84	350
1483244089.95	351
1483244250.61	351
1483244420.0	357
1483244581.54	357
1483244742.56	357
1483244903.43	357
1483245068.29	340
1483245234.62	342
1483245405.89	342
1483245578.56	345
1483245742.31	345
1483245913.71	345
1483246074.99	346
1483246245.3	346
1483246406.59	349
1483246568.94	350
1483246728.34	351
1483246887.73	352
1483247046.71	352
1483247205.54	344
1483247374.02	344
1483247545.92	347
1483247712.24	347
1483247876.94	348
1483248040.87	348
1483248214.5	349
1483248380.91	350
1483248545.37	350
1483248708.32	350
1483248870.5	351
1483249032.86	352
1483249196.66	352
1483249357.8	353
1483249531.1	345
1483249697.66	346
1483249887.21	346
1483250052.93	345
1483250216.07	345
1483250388.35	345
1483250559.14	346
1483250722.14	346
1483250884.25	347
1483251044.78	347
1483251208.09	347
1483251368.49	348
1483251528.32	348
1483251688.29	345
1483251854.02	345
1483252029.58	347
1483252202.55	348
1483252371.86	348
1483252542.88	349
1483252706.95	349
1483252872.65	349
1483253042.64	349
1483253216.92	350
1483253384.32	350
1483253548.75	350
1483253709.02	351
1483253870.82	351
1483254032.44	343
1483254201.07	343
1483254366.0	345
1483254535.16	345
1483254700.28	346
1483254867.62	346
1483255032.94	346
1483255196.33	349
1483255362.3	350
1483255528.58	352
1483255690.95	352
1483255869.32	353
1483256035.43	353
1483256200.3	354
1483256363.7	347
1483256525.67	347
1483256691.11	348
1483256852.47	350
1483257020.73	350
1483257184.76	351
1483257357.92	352
1483257518.91	354
1483257679.32	354
1483257840.4	355
1483258002.03	358
1483258165.19	359
1483258325.95	359
1483258485.71	359
1483258654.77	350
1483258821.36	351
1483258987.4	351
1483259152.94	353
1483259315.22	353
1483259478.53	354
1483259640.08	355
1483259801.86	355
1483259962.87	357
1483260120.75	357
1483260279.79	357
1483260437.55	358
1483260594.67	358
1483260751.09	360
1483260913.92	347
1483261080.32	349
1483261246.03	349
1483261408.95	353
1483261571.85	353
1483261735.44	355
1483261907.78	357
1483262075.58	357
1483262243.12	359
1483262404.7	359
1483262565.12	360
1483262725.13	360
1483262884.24	360
1483263044.76	353
1483263210.74	353
1483263379.6	355
1483263542.41	355
1483263705.15	358
1483263868.14	358
1483264030.85	360
1483264193.14	362
1483264354.93	362
1483264516.07	363
1483264676.97	364
1483264835.63	364
1483264995.16	365
1483265154.84	365
1483265317.89	357
1483265484.05	357
1483265650.8	357
1483265815.26	357
1483265982.65	357
1483266145.59	358
1483266307.92	358
1483266468.97	359
1483266633.34	360
1483266793.13	360
1483266953.32	360
1483267110.15	360
1483267268.33	360
1483267426.21	362
1483267590.94	355
1483267765.92	358
1483267945.71	358
1483268116.84	362
1483268279.79	362
1483268445.23	363
1483268609.7	363
1483268773.3	363
1483268935.84	366
1483269099.97	366
1483269262.69	372
1483269445.12	372
1483269618.64	374
1483269796.54	374
1483269965.37	362
1483270137.91	363
1483270324.54	365
1483270498.55	367
1483270667.33	367
1483270835.44	370
1483271003.14	370
1483271173.27	371
1483271343.11	371
1483271508.47	371
1483271681.85	371
1483271852.53	371
1483272030.84	372
1483272197.56	372
1483272366.38	360
1483272545.59	360
1483272724.78	361
1483272895.84	363
1483273067.23	365
1483273235.69	365
1483273404.5	365
1483273570.39	365
1483273735.15	366
1483273897.95	366
1483274059.54	367
1483274220.4	367
1483274381.88	369
1483274544.15	370
1483274709.58	364
1483274877.42	367
1483275048.25	367
1483275218.31	370
1483275388.09	370
1483275556.34	370
1483275722.41	371
1483275894.74	371
1483276060.96	373
1483276230.01	374
1483276401.04	375
1483276569.57	375
1483276734.23	375
1483276901.04	375
1483277074.26	365
1483277254.78	369
1483277434.53	369
1483277616.94	372
1483277784.25	372
1483277953.83	373
1483278121.94	375
1483278288.45	375
1483278453.63	377
1483278617.76	381
1483278782.56	382
1483278947.4	384
1483279111.8	387
1483279275.49	387
1483279442.36	389
1483279610.65	377
1483279784.35	377
1483279958.39	381
1483280133.19	381
1483280304.74	383
1483280475.87	383
1483280648.73	385
1483280827.61	385
1483280996.32	385
1483281163.46	385
1483281332.68	388
1483281496.24	388
1483281661.27	391
1483281832.43	391
1483281998.84	391
1483282161.88	393
1483282329.62	383
1483282508.3	384
1483282678.76	384
1483282847.83	388
1483283022.47	388
1483283195.1	388
1483283363.99	389
1483283533.02	389
1483283700.42	389
1483283865.1	390
1483284028.76	394
1483284193.2	394
1483284366.3	395
1483284533.29	395
1483284710.98	398
1483284875.37	400
1483285043.65	400
1483285210.01	400
1483285375.59	400
1483285542.13	388
1483285717.72	388
1483285894.05	391
1483286066.86	391
1483286241.91	394
1483286417.92	394
1483286592.01	394
1483286767.9	394
1483286938.29	394
1483287108.83	397
1483287281.23	399
1483287449.73	399
1483287616.5	399
1483287783.02	399
1483287954.71	388
1483288129.12	388
1483288302.56	395
1483288473.0	395
1483288651.51	397
1483288828.68	398
1483288997.84	398
1483289166.51	400
1483289334.53	400
1483289507.37	400
1483289675.11	400
1483289841.32	400
1483290012.23	400
1483290184.22	401
1483290353.96	390
1483290525.48	391
1483290697.21	390
1483290874.01	394
1483291059.14	394
1483291227.08	397
1483291394.47	397
1483291562.7	397
1483291731.34	398
1483291901.13	398
1483292070.4	396
1483292237.44	396
1483292407.62	399
1483292575.56	399
1483292744.44	391
1483292920.41	394
1483293094.35	394
1483293267.13	395
1483293439.71	395
1483293616.76	395
1483293793.37	396
1483293964.65	397
1483294133.39	398
1483294306.93	398
1483294479.18	402
1483294646.59	403
1483294816.43	403
1483294988.28	403
1483295158.99	384
1483295342.64	387
1483295519.5	390
1483295693.52	392
1483295867.11	393
1483296040.51	393
1483296213.78	396
1483296386.48	396
1483296558.41	396
1483296727.1	397
1483296894.73	397
1483297064.7	398
1483297238.43	399
1483297409.6	400
1483297584.44	392
1483297762.7	398
1483297946.96	398
1483298126.18	402
1483298307.51	402
1483298486.32	404
1483298659.25	403
1483298830.03	404
1483298999.47	404
1483299175.91	405
1483299344.71	406
1483299514.24	407
1483299685.25	408
1483299861.34	391
1483300046.12	391
1483300229.55	391
1483300411.9	395
1483300591.11	395
1483300769.13	395
1483300947.74	397
1483301125.23	399
1483301302.26	399
1483301482.01	400
1483301662.77	400
1483301843.19	401
1483302015.77	401
1483302190.6	396
1483302366.31	396
1483302545.4	401
1483302722.61	403
1483302898.33	404
1483303078.87	404
1483303252.79	404
1483303426.74	405
1483303601.65	407
1483303773.89	407
1483303944.56	409
1483304114.55	409
1483304285.95	409
1483304457.86	399
1483304635.8	399
1483304817.41	403
1483305001.84	404
1483305182.02	404
1483305373.63	405
1483305555.54	407
1483305733.86	408
1483305908.95	409
1483306081.96	410
1483306254.33	410
1483306433.08	412
1483306610.31	412
1483306780.11	399
1483306957.54	399
1483307135.58	400
1483307316.73	400
1483307496.63	402
1483307676.3	402
1483307858.37	403
1483308038.95	403
1483308221.85	403
1483308401.72	403
1483308578.32	405
1483308757.41	406
1483308940.13	406
1483309121.78	406
1483309297.13	406
1483309475.25	408
1483309656.72	392
1483309841.9	392
1483310031.37	392
1483310220.02	393
1483310411.97	393
1483310590.97	394
1483310772.09	395
1483310952.01	397
1483311128.97	399
1483311304.73	399
1483311478.96	400
1483311652.93	400
1483311826.0	400
1483312010.36	400
1483312197.92	381
1483312385.22	383
1483312566.45	384
1483312748.47	384
1483312924.34	384
1483313099.12	385
1483313277.59	386
1483313454.25	387
1483313631.6	387
1483313802.9	387
1483313974.36	387
1483314145.82	387
1483314318.42	373
1483314496.97	373
1483314677.52	374
1483314859.29	376
1483315045.13	377
1483315227.27	377
1483315406.43	377
1483315585.61	377
1483315766.87	377
1483315948.24	378
1483316123.89	378
1483316298.18	378
1483316473.43	381
1483316653.18	373
1483316843.05	373
1483317028.25	376
1483317204.46	380
1483317381.87	380
1483317559.58	381
1483317735.27	381
1483317910.74	381
1483318084.68	382
1483318256.55	383
1483318428.15	383
1483318599.59	384
1483318770.05	386
1483318941.67	386
1483319113.71	387
1483319315.8	364
1483319518.18	365
1483319713.21	365
1483319910.19	367
1483320086.23	367
1483320268.24	367
1483320451.14	367
1483320630.66	369
1483320804.27	370
1483320979.53	372
1483321152.82	372
1483321324.71	373
1483321497.12	373
1483321674.68	360
1483321858.45	365
1483322038.95	366
1483322219.77	368
1483322396.75	369
1483322572.77	370
1483322750.23	371
1483322926.7	372
1483323103.53	372
1483323272.51	375
1483323441.86	375
1483323608.98	377
1483323776.21	377
1483323947.74	361
1483324122.52	361
1483324303.41	365
1483324478.96	368
1483324651.89	368
1483324825.02	368
1483325004.79	369
1483325179.81	369
1483325350.59	369
1483325520.0	369
1483325694.54	371
1483325863.01	371
1483326028.2	372
1483326202.19	364
1483326378.99	366
1483326554.92	366
1483326728.31	370
1483326900.27	370
1483327072.5	370
1483327242.44	371
1483327413.74	371
1483327581.47	375
1483327746.35	375
1483327917.44	376
1483328083.79	376
1483328248.6	376
1483328419.18	367
1483328592.8	367
1483328765.95	368
1483328944.26	369
1483329116.47	369
1483329300.37	370
1483329472.95	371
1483329642.84	371
1483329811.03	373
1483329979.58	373
1483330149.96	374
1483330318.51	374
1483330486.79	376
1483330655.02	366
1483330831.47	366
1483331011.25	370
1483331186.02	370
1483331356.93	372
1483331527.61	373
1483331696.81	373
1483331870.45	374
1483332043.53	376
1483332220.93	376
1483332390.26	376
1483332558.3	376
1483332721.05	378
1483332880.7	378
1483333042.4	369
1483333220.28	369
1483333399.47	370
1483333567.53	370
1483333730.9	372
1483333892.18	372
1483334052.95	372
1483334222.47	373
1483334378.86	375
1483334535.63	375
1483334690.38	375
1483334844.8	375
1483334999.02	378
1483335154.87	378
1483335313.46	378
1483335483.65	359
1483335660.64	365
1483335830.71	365
1483335996.3	369
1483336173.47	369
1483336340.14	370
1483336505.43	371
1483336676.81	371
1483336858.03	372
1483337030.69	372
1483337208.39	374
1483337372.31	374
1483337535.89	374
1483337703.96	375
1483337888.5	359
1483338066.81	364
1483338246.39	364
1483338421.95	366
1483338594.71	366
1483338768.57	368
1483338939.95	369
1483339109.78	370
1483339274.97	370
1483339438.81	373
1483339602.32	373
1483339776.9	376
1483339940.89	376
1483340107.63	368
1483340287.8	369
1483340470.18	369
1483340643.15	370
1483340810.65	370
1483340989.59	370
1483341168.48	372
1483341337.18	372
1483341501.0	373
1483341664.58	374
1483341827.89	374
1483341993.57	375
1483342175.94	376
1483342351.96	361
1483342526.78	361
1483342706.58	362
1483342888.77	363
1483343058.03	363
1483343227.92	363
1483343402.6	363
1483343571.32	364
1483343736.74	364
1483343902.19	364
1483344073.81	368
1483344255.31	368
1483344428.36	369
1483344590.88	369
1483344757.77	373
1483344921.9	366
1483345092.89	366
1483345267.13	368
1483345436.38	368
1483345605.0	371
1483345772.43	371
1483345939.31	373
1483346105.58	373
1483346274.55	375
1483346441.87	375
1483346608.19	376
1483346774.29	378
1483346940.45	378
1483347105.42	379
1483347269.85	381
1483347440.2	367
1483347628.18	367
1483347815.64	371
1483347999.72	371
1483348173.44	374
1483348343.8	374
1483348512.63	374
1483348682.54	376
1483348853.69	376
1483349019.03	376
1483349184.26	382
1483349352.23	382
1483349525.4	386
1483349693.22	386
1483349859.75	391
1483350026.53	391
1483350198.11	379
1483350373.68	379
1483350558.98	385
1483350737.47	391
1483350911.59	391
1483351086.07	392
1483351263.7	393
1483351448.29	393
1483351625.61	395
1483351792.18	395
1483351961.03	397
1483352127.38	397
1483352293.16	399
1483352460.04	399
1483352634.82	385
1483352813.28	385
1483352991.69	386
1483353165.57	386
1483353334.51	392
1483353506.3	392
1483353677.95	393
1483353849.36	393
1483354016.39	394
1483354185.4	395
1483354351.58	395
1483354518.24	395
1483354686.47	395
1483354856.9	396
1483355030.06	396
1483355217.25	377
1483355400.56	386
1483355577.17	386
1483355751.52	390
1483355925.33	390
1483356099.32	390
1483356292.31	392
1483356464.69	395
1483356632.97	395
1483356808.13	397
1483356974.43	397
1483357140.92	401
1483357308.2	403
1483357478.36	405
1483357652.82	406
1483357837.55	399
1483358023.91	401
1483358202.71	401
1483358386.94	403
1483358600.15	403
1483358778.21	403
1483358952.69	404
1483359125.61	408
1483359296.68	408
1483359468.4	410
1483359636.25	411
1483359805.67	413
1483359976.29	414
1483360147.94	416
1483360324.28	418
1483360504.72	403
1483360689.52	409
1483360866.05	409
1483361044.6	415
1483361219.58	417
1483361395.73	417
1483361582.13	417
1483361757.5	419
1483361929.28	419
1483362108.64	420
1483362287.96	422
1483362469.11	422
1483362646.06	425
1483362820.17	425
1483362997.29	409
1483363188.51	410
1483363370.59	411
1483363548.23	413
1483363726.11	414
1483363902.81	414
1483364079.67	416
1483364255.27	419
1483364431.14	419
1483364602.82	419
1483364774.34	419
1483364948.39	422
1483365120.93	422
1483365292.79	422
1483365465.62	422
1483365641.59	403
1483365836.28	405
1483366030.55	405
1483366209.37	408
1483366387.16	408
1483366564.26	408
1483366742.63	410
1483366919.9	411
1483367102.05	411
1483367276.91	412
1483367451.76	416
1483367626.86	416
1483367802.56	418
1483367978.69	418
1483368156.71	406
1483368337.81	410
1483368519.03	410
1483368699.24	412
1483368877.87	414
1483369057.94	414
1483369240.12	414
1483369432.37	416
1483369609.47	416
1483369785.08	418
1483369960.07	419
1483370134.83	420
1483370310.57	420
1483370487.13	422
1483370671.34	409
1483370859.46	410
1483371042.88	412
1483371226.76	415
1483371410.06	415
1483371594.5	415
1483371777.46	418
1483371977.48	419
1483372156.14	419
1483372333.88	425
1483372511.6	425
1483372690.6	426
1483372868.26	427
1483373048.11	427
1483373239.48	411
1483373423.42	411
1483373620.16	412
1483373804.88	412
1483373986.29	412
1483374180.11	414
1483374359.3	414
1483374543.97	416
1483374722.8	417
1483374901.67	417
1483375082.24	420
1483375261.21	421
1483375440.41	421
1483375618.42	410
1483375817.17	410
1483376003.37	414
1483376185.22	414
1483376367.44	414
1483376549.42	416
1483376728.61	417
1483376915.77	417
1483377097.06	418
1483377274.44	419
1483377454.97	419
1483377629.6	420
1483377803.56	420
1483377978.65	423
1483378151.57	423
1483378334.0	407
1483378514.2	411
1483378693.22	411
1483378868.93	413
1483379049.69	413
1483379241.38	413
1483379421.42	416
1483379596.51	416
1483379769.31	419
1483379942.94	421
1483380119.82	421
1483380293.58	424
1483380470.5	424
1483380647.26	424
1483380821.1	425
1483381002.3	410
1483381185.16	417
1483381365.29	417
1483381547.03	417
1483381728.98	420
1483381998.05	420
1483382184.41	422
1483382363.56	422
1483382544.6	423
1483382725.62	424
1483382905.68	426
1483383085.48	427
1483383265.21	433
1483383443.56	435
1483383621.07	435
1483383807.22	410
1483383991.78	410
1483384175.99	416
1483384353.23	417
1483384531.81	419
1483384708.69	419
1483384886.58	420
1483385064.89	420
1483385242.28	421
1483385419.32	423
1483385601.21	424
1483385780.94	426
1483385955.54	426
1483386130.08	427
1483386307.93	408
1483386494.48	408
1483386682.32	412
1483386866.8	412
1483387046.3	413
1483387224.47	413
1483387416.01	414
1483387593.5	414
1483387770.89	415
1483387947.7	415
1483388125.6	418
1483388300.75	419
1483388473.75	420
1483388648.54	420
1483388822.81	422
1483389001.0	404
1483389182.26	410
1483389359.58	410
1483389535.95	413
1483389713.94	413
1483389900.82	415
1483390075.97	417
1483390250.57	417
1483390424.22	417
1483390597.44	419
1483390771.4	419
1483390943.3	420
1483391119.99	423
1483391321.81	411
1483391505.81	411
1483391685.79	411
1483391868.7	413
1483392048.6	413
1483392227.01	418
1483392407.8	424
1483392585.73	425
1483392763.98	425
1483392940.36	426
1483393114.7	430
1483393289.78	431
1483393466.35	431
1483393641.76	431
1483393819.77	418
1483394002.3	419
1483394192.44	419
1483394374.59	423
1483394551.18	423
1483394727.76	424
1483394905.38	424
1483395084.19	424
1483395269.05	424
1483395442.8	426
1483395624.0	427
1483395798.99	429
1483395974.13	429
1483396149.46	430
1483396322.08	430
1483396506.17	413
1483396691.86	415
1483396877.78	418
1483397059.45	419
1483397239.57	421
1483397418.95	421
1483397604.25	422
1483397787.98	422
1483397963.99	422
1483398141.65	427
1483398317.33	428
1483398491.72	428
1483398668.92	415
1483398863.94	415
1483399060.44	416
1483399257.12	422
1483399439.46	422
1483399632.5	427
1483399813.01	428
1483399996.12	430
1483400175.92	430
1483400358.58	432
1483400537.2	432
1483400717.15	433
1483400897.66	433
1483401085.68	425
1483401273.29	427
1483401454.89	428
1483401639.03	428
1483401821.82	428
1483402002.96	428
1483402205.04	430
1483402386.38	430
1483402568.53	433
1483402745.23	434
1483402928.29	434
1483403104.24	434
1483403278.94	435
1483403463.05	417
1483403651.19	418
1483403830.8	418
1483404010.99	421
1483404197.1	421
1483404376.77	421
1483404555.18	422
1483404733.16	422
1483404909.36	422
1483405085.26	427
1483405273.84	427
1483405451.58	430
1483405628.8	432
1483405816.0	414
1483405998.66	418
1483406178.53	418
1483406358.85	418
1483406538.46	418
1483406718.99	419
1483406898.62	420
1483407078.57	422
1483407254.19	422
1483407433.53	426
1483407641.09	427
1483407838.66	427
1483408026.98	407
1483408247.92	407
1483408436.47	411
1483408620.1	411
1483408800.12	412
1483408983.12	412
1483409164.18	413
1483409346.77	413
1483409525.13	413
1483409701.64	413
1483409879.34	416
1483410053.32	416
1483410227.05	417
1483410409.07	418
1483410613.8	401
1483410825.02	404
1483411024.37	407
1483411223.99	408
1483411420.29	408
1483411604.96	411
1483411788.6	412
1483411972.67	413
1483412151.85	418
1483412330.43	418
1483412504.15	420
1483412678.91	420
1483412861.13	395
1483413049.76	395
1483413237.44	396
