1482700786.26	330
1482700891.15	331
1482700997.0	331
1482701104.1	331
1482701210.87	331
1482701316.77	331
1482701426.97	331
1482701532.46	331
1482701637.98	331
1482701743.79	332
1482701849.4	332
1482701954.87	332
1482702061.52	332
1482702168.97	328
1482702275.12	328
1482702381.78	328
1482702488.24	328
1482702594.25	329
1482702699.86	329
1482702806.67	329
1482702915.85	330
1482703022.32	330
1482703166.21	332
1482703278.46	332
1482703390.05	332
1482703501.13	332
1482703611.82	332
1482703722.27	332
1482703832.65	325
1482703969.85	325
1482704158.82	325
1482704373.37	327
1482704534.38	328
1482704715.89	328
1482704880.8	328
1482705125.19	328
1482705360.0	328
1482705648.37	328
1482705793.57	328
1482705910.16	328
1482706028.39	328
1482706145.16	331
1482706264.13	331
1482706380.76	332
1482706498.0	334
1482706615.54	334
1482706733.42	334
1482706850.63	334
1482706967.57	336
1482707090.11	316
1482707265.06	316
1482707452.74	317
1482707595.03	317
1482707723.84	318
1482707844.15	321
1482707961.93	323
1482708080.09	323
1482708199.57	324
1482708319.33	324
1482708439.91	324
1482708559.07	326
1482708677.36	326
1482708795.1	327
1482708912.92	328
1482709030.47	328
1482709147.97	328
1482709264.86	328
1482709386.34	323
1482709505.23	323
1482709625.07	326
1482709742.55	327
1482709861.07	328
1482709976.97	328
1482710092.19	328
1482710208.02	328
1482710324.08	328
1482710440.71	329
1482710557.02	330
1482710674.96	330
1482710791.69	330
1482710907.22	330
1482711023.9	330
1482711140.12	330
1482711261.52	326
1482711384.9	326
1482711504.68	327
1482711623.13	327
1482711740.71	327
1482711857.57	327
1482711974.99	328
1482712092.11	328
1482712209.74	329
1482712327.52	329
1482712444.68	330
1482712560.53	331
1482712677.22	333
1482712792.53	333
1482712907.15	333
1482713022.11	333
1482713139.01	324
1482713258.84	324
1482713378.18	324
1482713497.83	327
1482713616.04	328
1482713734.04	328
1482713856.19	328
1482713979.86	328
1482714098.78	328
1482714224.34	329
1482714346.68	330
1482714465.37	332
1482714584.08	332
1482714707.98	332
1482714827.58	332
1482714947.05	332
1482715068.48	323
1482715196.61	323
1482715320.06	323
1482715444.67	323
1482715563.55	323
1482715680.11	323
1482715794.56	323
1482715920.72	327
1482716051.57	327
1482716168.62	328
1482716284.5	328
1482716397.69	328
1482716510.18	328
1482716624.5	328
1482716739.58	330
1482716854.67	331
1482716969.25	331
1482717088.17	332
1482717203.62	334
1482717318.67	334
1482717433.17	334
1482717562.42	315
1482717682.44	318
1482717801.79	320
1482717918.49	323
1482718063.39	323
1482718192.96	324
1482718311.52	324
1482718427.79	326
1482718544.23	326
1482718662.92	330
1482718780.15	330
1482718905.07	331
1482719028.0	331
1482719166.06	331
1482719284.57	331
1482719405.2	324
1482719527.81	325
1482719649.11	325
1482719773.82	327
1482719893.51	330
1482720013.0	330
1482720133.42	330
1482720263.46	333
1482720387.04	333
1482720505.57	333
1482720623.38	333
1482720740.65	335
1482720857.44	335
1482720973.99	335
1482721090.98	337
1482721213.72	326
1482721335.21	326
1482721457.9	327
1482721580.85	327
1482721701.76	328
1482721821.38	328
1482721943.22	329
1482722063.84	329
1482722183.98	329
1482722303.85	330
1482722423.27	330
1482722542.22	331
1482722665.71	331
1482722790.34	332
1482722911.53	333
1482723034.02	333
1482723154.69	333
1482723275.94	334
1482723399.26	337
1482723518.46	318
1482723636.92	318
1482723755.37	319
1482723873.32	320
1482723990.41	320
1482724110.74	321
1482724227.95	321
1482724345.08	322
1482724464.32	322
1482724584.32	323
1482724702.57	323
1482724820.48	323
1482724937.54	323
1482725054.44	324
1482725171.1	324
1482725292.65	312
1482725412.99	312
1482725532.77	313
1482725651.04	313
1482725767.18	313
1482725883.37	313
1482726002.18	314
1482726119.11	314
1482726237.23	316
1482726353.62	316
1482726469.48	316
1482726584.53	316
1482726699.31	318
1482726813.44	318
1482726929.59	318
1482727045.52	320
1482727158.92	320
1482727271.97	320
1482727384.99	320
1482727497.94	320
1482727614.88	310
1482727734.53	310
1482727854.09	312
1482727972.95	313
1482728089.57	313
1482728206.23	313
1482728324.32	313
1482728441.87	313
1482728559.3	314
1482728676.07	314
1482728793.14	314
1482728909.08	314
1482729023.91	314
1482729138.26	316
1482729252.97	316
1482729367.18	316
1482729486.64	303
1482729608.43	303
1482729730.05	304
1482729850.29	305
1482729970.87	305
1482730093.04	305
1482730253.77	305
1482730385.51	306
1482730506.02	306
1482730629.3	306
1482730749.46	306
1482730871.86	306
1482730990.81	306
1482731108.85	306
1482731251.22	306
1482731374.46	297
1482731497.39	297
1482731622.87	300
1482731749.03	300
1482731879.62	300
1482732003.5	300
1482732123.87	302
1482732243.93	303
1482732367.35	303
1482732487.18	303
1482732608.43	303
1482732727.22	304
1482732848.4	304
1482732966.9	304
1482733084.32	306
1482733204.61	297
1482733329.01	297
1482733448.32	297
1482733566.04	297
1482733684.1	298
1482733803.26	298
1482733923.46	298
1482734042.2	298
1482734166.27	298
1482734286.4	301
1482734403.66	301
1482734519.68	302
1482734635.27	302
1482734750.72	303
1482734866.13	303
1482734981.73	303
1482735101.11	293
1482735220.77	294
1482735341.09	294
1482735460.41	294
1482735578.5	295
1482735696.29	295
1482735814.39	295
1482735931.33	295
1482736048.27	298
1482736165.89	298
1482736283.94	298
1482736400.64	298
1482736516.54	301
1482736632.2	301
1482736747.29	302
1482736871.12	302
1482736988.22	304
1482737115.76	297
1482737236.7	298
1482737357.01	298
1482737482.52	298
1482737602.16	299
1482737723.2	299
1482737847.23	299
1482737966.26	301
1482738083.56	301
1482738202.86	301
1482738320.51	301
1482738437.28	302
1482738554.09	302
1482738670.28	302
1482738786.35	302
1482738904.33	295
1482739028.54	295
1482739148.63	297
1482739268.82	298
1482739387.53	298
1482739505.59	298
1482739623.47	298
1482739741.97	300
1482739860.23	300
1482739978.81	301
1482740098.34	301
1482740216.1	301
1482740331.89	301
1482740448.39	301
1482740562.7	301
1482740676.6	302
1482740795.35	302
1482740909.69	302
1482741032.69	291
1482741153.38	291
1482741271.85	292
1482741394.41	293
1482741512.1	294
1482741628.52	297
1482741747.34	298
1482741864.53	298
1482741982.35	299
1482742100.22	299
1482742218.59	300
1482742336.21	300
1482742453.89	301
1482742571.62	301
1482742689.6	301
1482742807.18	301
1482742925.55	303
1482743047.29	296
1482743168.54	296
1482743288.73	297
1482743407.98	297
1482743526.56	299
1482743645.23	300
1482743764.88	303
1482743884.46	303
1482744003.84	303
1482744125.32	304
1482744243.95	304
1482744361.04	304
1482744477.77	304
1482744594.0	306
1482744711.71	306
1482744829.95	301
1482744955.65	300
1482745079.2	305
1482745201.33	306
1482745323.11	309
1482745443.64	309
1482745563.76	309
1482745683.68	309
1482745803.76	310
1482745923.29	310
1482746043.15	311
1482746161.62	311
1482746279.94	311
1482746401.07	312
1482746519.11	312
1482746638.23	312
1482746761.37	310
1482746884.59	313
1482747011.27	315
1482747152.66	316
1482747273.84	317
1482747395.55	319
1482747520.39	319
1482747650.37	320
1482747780.43	320
1482747902.71	323
1482748024.32	323
1482748146.46	325
1482748267.28	325
1482748387.6	325
1482748507.94	327
1482748633.01	320
1482748755.97	320
1482748880.19	320
1482749002.44	320
1482749124.45	323
1482749245.55	324
1482749366.83	324
1482749487.92	324
1482749610.97	324
1482749731.46	324
1482749851.65	324
1482749970.49	324
1482750090.1	328
1482750208.91	328
1482750328.56	328
1482750447.29	328
1482750568.55	325
1482750691.79	325
1482750815.33	328
1482750938.24	328
1482751060.27	330
1482751182.01	332
1482751307.29	334
1482751429.26	334
1482751551.93	336
1482751674.44	336
1482751797.34	338
1482751920.19	338
1482752040.65	338
1482752162.79	339
1482752284.26	340
1482752411.67	333
1482752536.3	333
1482752659.9	334
1482752782.34	334
1482752905.97	335
1482753026.46	335
1482753148.45	335
1482753268.83	338
1482753390.09	341
1482753518.69	342
1482753639.63	342
1482753759.47	344
1482753879.15	344
1482753998.98	344
1482754118.57	344
1482754242.65	340
1482754367.8	340
1482754493.69	341
1482754618.28	341
1482754744.49	341
1482754866.96	341
1482754989.93	342
1482755112.04	342
1482755234.9	343
1482755356.36	347
1482755484.79	347
1482755606.61	347
1482755730.1	347
1482755850.13	348
1482755969.79	348
1482756088.51	348
1482756213.11	345
1482756337.41	347
1482756461.08	347
1482756586.95	348
1482756710.88	348
1482756834.26	348
1482756957.46	349
1482757080.75	350
1482757203.51	350
1482757327.18	353
1482757448.98	353
1482757570.33	353
1482757691.47	353
1482757812.86	353
1482757934.74	353
1482758058.43	344
1482758182.34	344
1482758306.85	344
1482758430.61	345
1482758554.44	346
1482758677.27	346
1482758804.43	347
1482758927.66	348
1482759051.65	349
1482759175.64	349
1482759298.59	350
1482759419.52	350
1482759541.01	351
1482759663.42	351
1482759789.97	353
1482759912.37	353
1482760041.62	345
1482760168.24	345
1482760293.73	346
1482760417.32	346
1482760543.04	346
1482760666.71	346
1482760789.92	346
1482760913.11	348
1482761040.38	348
1482761162.99	348
1482761288.35	348
1482761411.43	350
1482761533.49	350
1482761655.5	350
1482761777.53	351
1482761902.99	344
1482762028.31	346
1482762156.3	346
1482762281.56	346
1482762406.46	347
1482762529.84	348
1482762651.88	348
1482762775.23	349
1482762898.36	351
1482763022.41	351
1482763145.31	351
1482763267.35	351
1482763389.5	351
1482763514.71	352
1482763643.41	352
1482763772.88	353
1482763902.68	353
1482764032.95	353
1482764166.87	343
1482764301.01	344
1482764434.02	346
1482764564.77	347
1482764695.58	347
1482764825.31	347
1482764957.35	347
1482765086.45	347
1482765216.62	347
1482765345.14	348
1482765471.94	349
1482765597.76	349
1482765724.03	349
1482765854.72	349
1482765984.04	349
1482766113.88	341
1482766245.78	343
1482766380.46	348
1482766521.67	348
1482766650.03	350
1482766788.39	351
1482766916.13	351
1482767047.51	351
1482767176.05	351
1482767305.33	351
1482767432.6	351
1482767562.25	352
1482770033.95	349
1482770249.96	350
1482770408.27	339
1482770567.5	339
1482770733.06	339
1482770885.74	339
1482771030.68	339
1482771204.6	339
1482771375.07	339
1482771514.14	339
1482771640.84	345
1482771767.37	345
1482771897.66	345
1482772025.32	346
1482772152.83	348
1482772278.59	348
1482772403.15	350
1482772578.02	350
1482772771.47	351
1482772897.09	351
1482773025.68	351
1482773152.96	351
1482773282.09	354
1482773410.29	354
1482773540.49	354
1482773674.98	340
1482773805.18	340
1482773935.35	342
1482774065.66	343
1482774197.76	345
1482774325.32	346
1482774453.58	346
1482774581.3	346
1482774708.05	346
1482774835.62	346
1482774961.87	347
1482775087.48	347
1482775212.05	349
1482775345.5	349
1482775469.21	349
1482775593.57	351
1482775723.17	338
1482775852.12	338
1482775980.3	339
1482776109.66	339
1482776237.68	339
1482776366.1	342
1482776497.08	342
1482776625.02	342
1482776755.47	342
1482776886.64	344
1482777013.86	346
1482777140.69	346
1482777267.15	347
1482777393.32	347
1482777519.36	347
1482777646.0	347
1482777774.39	333
1482777904.07	333
1482778033.13	334
1482778162.28	335
1482778293.93	337
1482778422.19	337
1482778550.55	337
1482778679.19	338
1482778808.86	338
1482778938.68	338
1482779066.78	338
1482779195.72	338
1482779322.28	339
1482779447.85	339
1482779575.28	339
1482779701.81	341
1482779828.5	341
1482779954.1	342
1482780082.23	328
1482780210.06	332
1482780338.75	332
1482780467.94	333
1482780597.69	334
1482780725.96	334
1482780859.23	334
1482780988.42	334
1482781117.51	334
1482781247.35	334
1482781411.16	335
1482781544.58	335
1482781688.43	335
1482781832.01	335
1482781968.04	335
1482782104.93	335
1482782245.91	336
1482782377.95	325
1482782520.87	325
1482782652.7	325
1482782792.79	325
1482782921.19	327
1482783060.71	327
1482783193.41	327
1482783320.93	330
1482783448.68	330
1482783574.44	332
1482783699.97	332
1482783825.94	332
1482783952.19	332
1482784076.99	332
1482784201.94	332
1482784327.25	332
1482784456.54	324
1482784586.33	325
1482784715.31	326
1482784844.37	327
1482784972.52	328
1482785101.34	328
1482785230.1	328
1482785358.52	331
1482785487.51	331
1482785616.26	331
1482785743.28	331
1482785871.74	332
1482785997.41	332
1482786123.08	332
1482786248.98	334
1482786379.39	327
1482786509.65	327
1482786640.19	329
1482786769.81	330
1482786898.62	330
1482787026.89	330
1482787155.42	331
1482787284.93	331
1482787413.81	332
1482787554.73	332
1482787682.94	332
1482787813.78	334
1482787943.22	334
1482788072.94	336
1482788201.66	336
1482788332.72	327
1482788471.44	327
1482788608.29	329
1482788747.39	329
1482788877.9	329
1482789009.03	329
1482789137.48	329
1482789267.51	329
1482789396.48	329
1482789524.54	329
1482789652.0	329
1482789779.45	333
1482789906.3	333
1482790032.33	333
1482790158.54	333
1482790284.34	333
1482790410.86	333
1482790540.66	334
1482790668.29	326
1482790797.44	326
1482790924.82	328
1482791051.95	328
1482791178.28	328
1482791304.89	330
1482791430.28	330
1482791556.1	330
1482791681.87	330
1482791807.39	330
1482791932.0	330
1482792057.47	331
1482792182.16	331
1482792307.32	334
1482792432.33	334
1482792558.01	334
1482792683.16	334
1482792810.57	326
1482792937.21	326
1482793064.0	327
1482793193.05	327
1482793318.49	327
1482793444.84	328
1482793572.59	328
1482793701.7	330
1482793828.14	330
1482793954.96	331
1482794080.46	331
1482794205.5	332
1482794330.14	332
1482794455.17	332
1482794582.36	332
1482794708.55	325
1482794841.45	325
1482794969.42	327
1482795098.73	327
1482795224.85	327
1482795351.97	327
1482795478.9	327
1482795605.37	327
1482795730.86	327
1482795857.17	329
1482795987.64	330
1482796114.45	330
1482796241.34	330
1482796369.66	331
1482796495.1	331
1482796624.2	332
1482796751.72	332
1482796886.42	334
1482797017.38	320
1482797142.84	321
1482797269.57	321
1482797394.77	321
1482797519.27	322
1482797644.87	323
1482797769.79	323
1482797894.25	325
1482798020.04	326
1482798145.67	327
1482798270.66	327
1482798394.6	328
1482798518.51	328
1482798642.34	329
1482798766.02	329
1482798900.88	316
1482799028.08	316
1482799159.01	317
1482799287.19	317
1482799413.92	319
1482799541.15	319
1482799667.55	320
1482799793.76	322
1482799920.83	323
1482800048.01	323
1482800175.56	323
1482800302.49	324
1482800430.11	324
1482800555.75	324
1482800680.7	324
1482800809.36	317
1482800937.41	317
1482801065.33	318
1482801195.17	322
1482801321.83	323
1482801451.67	323
1482801579.35	324
1482801706.56	324
1482801833.55	325
1482801963.8	325
1482802090.73	327
1482802216.61	327
1482802340.95	327
1482802465.4	328
1482802589.08	328
1482802713.49	328
1482802839.81	316
1482802966.95	316
1482803093.52	318
1482803219.25	318
1482803347.67	318
1482803471.94	320
1482803595.58	320
1482803720.01	320
1482803844.18	320
1482803969.61	321
1482804094.15	321
1482804218.48	322
1482804343.16	322
1482804466.5	322
1482804591.57	323
1482804720.82	318
1482804850.65	318
1482804978.2	320
1482805104.41	320
1482805230.12	320
1482805355.98	320
1482805484.0	321
1482805611.42	322
1482805738.64	322
1482805873.63	322
1482806000.77	322
1482806125.79	323
1482806251.42	324
1482806377.25	324
1482806502.39	324
1482806630.12	316
1482806760.0	316
1482806888.75	315
1482807017.13	315
1482807143.73	315
1482807269.34	315
1482807395.64	316
1482807521.94	316
1482807648.54	316
1482807774.36	316
1482807900.56	316
1482808026.95	316
1482808152.47	318
1482808278.17	318
1482808403.1	318
1482808527.66	320
1482808652.39	320
1482808776.08	320
1482808905.64	307
1482809038.77	310
1482809167.5	310
1482809293.87	311
1482809420.91	312
1482809548.65	314
1482809676.22	314
1482809802.89	315
1482809930.04	315
1482810057.0	315
1482810186.72	316
1482810341.49	316
1482810421.54	317
1482810499.73	317
1482810578.09	317
1482810655.43	317
1482810734.43	305
1482810817.12	305
1482810897.0	305
1482810977.5	309
1482811056.45	310
1482811135.8	310
1482811215.39	310
1482811294.54	310
1482811373.2	310
1482811452.52	310
1482811531.49	311
1482811610.22	311
1482811689.83	312
1482811770.5	313
1482811849.26	313
1482811928.7	314
1482812008.72	314
1482812090.0	314
1482812182.93	316
1482812264.82	317
1482812341.45	317
1482812417.4	317
1482812495.11	317
1482812571.98	317
1482812648.99	321
1482812729.12	310
1482812813.5	310
1482812893.94	310
1482812975.92	312
1482813056.71	312
1482813135.74	312
1482813216.07	312
1482813293.49	312
1482813372.83	312
1482813454.01	312
1482813533.43	312
1482813612.29	312
1482813690.97	312
1482813770.46	312
1482813849.02	314
1482813927.53	314
1482814007.17	314
1482814083.76	314
1482814165.54	314
1482814242.03	314
1482814318.51	314
1482814395.01	314
1482814470.51	314
1482814546.91	314
1482814628.26	306
1482814707.64	306
1482814786.15	306
1482814864.64	308
1482814944.04	308
1482815022.2	308
1482815101.44	308
1482815179.22	309
1482815257.58	309
1482815335.13	310
1482815412.94	310
1482815490.63	310
1482815568.77	310
1482815645.98	310
1482815723.46	311
1482815801.07	311
1482815878.79	311
1482815956.67	312
1482816037.73	312
1482816114.23	312
1482816191.69	312
1482816269.15	313
1482816345.69	313
1482816421.65	313
1482816497.85	314
1482816578.73	296
1482816657.85	296
1482816746.09	297
1482816825.99	297
1482816905.47	297
1482816986.39	297
1482817065.56	297
1482817146.21	299
1482817225.81	299
1482817305.64	299
1482817384.74	299
1482817464.42	299
1482817542.64	299
1482817619.43	299
1482817697.41	299
1482817775.68	299
1482817853.38	299
1482817928.77	299
1482818003.68	299
1482818077.78	299
1482818152.56	299
1482818226.87	299
1482818301.29	300
1482818376.44	300
1482818456.54	300
1482818532.48	300
1482818612.62	294
1482818694.95	294
1482818776.69	294
1482818858.73	296
1482818940.43	296
1482819020.65	296
1482819097.44	298
1482819174.8	299
1482819251.25	299
1482819330.57	300
1482819407.93	300
1482819484.98	300
1482819562.04	301
1482819638.69	301
1482819715.26	301
1482819792.62	302
1482819869.29	302
1482819946.31	302
1482820021.91	304
1482820100.75	304
1482820176.06	304
1482820251.16	304
1482820328.47	304
1482820405.32	304
1482820498.56	304
1482820574.6	296
1482820659.29	296
1482820738.39	296
1482820820.15	297
1482820898.7	298
1482820976.99	298
1482821054.61	299
1482821132.67	299
1482821208.69	299
1482821284.88	299
1482821362.06	299
1482821439.67	299
1482821517.41	299
1482821594.42	299
1482821671.67	299
1482821749.22	299
1482821826.84	299
1482821902.84	299
1482821978.43	301
1482822053.22	301
1482822127.17	301
1482822200.89	301
1482822274.06	301
1482822348.9	301
1482822422.72	301
1482822497.51	293
1482822576.87	293
1482822655.51	293
1482822733.5	294
1482822811.45	294
1482822889.09	294
1482822964.51	294
1482823040.03	294
1482823116.01	294
1482823192.55	295
1482823269.42	295
1482823345.3	295
1482823419.78	297
1482823495.32	297
1482823570.42	297
1482823646.13	297
1482823721.31	297
1482823796.83	297
1482823875.52	297
1482823950.62	298
1482824024.15	298
1482824097.64	298
1482824171.0	299
1482824243.6	299
1482824315.6	300
1482824390.59	301
1482824463.02	301
1482824535.2	301
1482824607.86	301
1482824681.14	301
1482824752.92	301
1482824825.93	301
1482824906.59	288
1482824987.89	288
1482825070.35	289
1482825150.84	289
1482825230.32	289
1482825308.23	290
1482825384.88	291
1482825461.26	291
1482825537.24	291
1482825613.51	291
1482825690.28	291
1482825766.85	291
1482825843.45	291
1482825919.6	291
1482825995.7	291
1482826072.4	291
1482826151.94	291
1482826232.29	292
1482826306.52	292
1482826382.37	292
1482826456.11	295
1482826529.68	295
1482826603.74	295
1482826675.94	297
1482826748.62	298
1482826822.37	298
1482826897.6	298
1482826973.19	298
1482827046.83	300
1482827120.19	300
1482827193.64	301
1482827271.93	292
1482827349.21	292
1482827426.87	292
1482827504.24	294
1482827580.96	294
1482827658.02	294
1482827736.2	297
1482827812.29	297
1482827889.83	297
1482827967.79	297
1482828044.2	297
1482828119.3	297
1482828197.66	297
1482828276.67	297
1482828353.31	297
1482828429.5	297
1482828504.58	297
1482828580.82	297
1482828655.7	297
1482828731.56	300
1482828806.39	300
1482828881.23	300
1482828959.63	300
1482829034.48	300
1482829111.96	301
1482829187.4	295
1482829270.63	295
1482829348.49	295
1482829426.21	297
1482829507.41	297
1482829585.41	297
1482829663.68	298
1482829740.01	299
1482829816.61	299
1482829892.81	299
1482829969.78	299
1482830046.03	299
1482830123.1	301
1482830199.57	301
1482830277.96	301
1482830356.11	303
1482830432.91	303
1482830509.01	303
1482830583.51	303
1482830657.45	303
1482830735.25	303
1482830811.09	305
1482830886.44	305
1482830965.08	305
1482831039.75	305
1482831116.97	306
1482831196.46	292
1482831277.84	292
1482831362.07	292
1482831442.09	296
1482831521.45	296
1482831599.66	296
1482831685.17	296
1482831762.46	296
1482831840.28	296
1482831917.89	298
1482831994.77	298
1482832071.82	298
1482832151.87	299
1482832232.03	299
1482832310.2	299
1482832387.78	304
1482832466.55	304
1482832544.04	304
1482832621.43	305
1482832698.07	305
1482832775.24	305
1482832856.91	305
1482832934.19	305
1482833012.24	305
1482833088.3	308
1482833166.66	304
1482833248.55	304
1482833328.91	304
1482833409.71	305
1482833492.5	305
1482833582.17	305
1482833662.74	306
1482833754.6	308
1482833838.71	308
1482833917.93	311
1482833996.84	311
1482834077.4	311
1482834161.8	312
1482834242.45	312
1482834324.41	312
1482834404.68	312
1482834483.0	315
1482834560.7	315
1482834641.01	315
1482834724.33	315
1482834802.15	315
1482834878.92	315
1482834956.82	315
1482835037.05	315
1482835117.28	315
1482835195.4	315
1482835276.38	305
1482835358.19	305
1482835441.14	308
1482835523.22	308
1482835605.17	308
1482835683.48	309
1482835761.23	309
1482835838.75	309
1482835923.98	311
1482836001.63	311
1482836079.36	311
1482836158.25	312
1482836243.69	312
1482836321.72	312
1482836400.3	312
1482836478.3	312
1482836556.6	312
1482836634.08	313
1482836710.84	313
1482836787.33	313
1482836864.69	313
1482836941.78	313
1482837018.87	313
1482837094.99	313
1482837173.05	306
1482837251.32	306
1482837329.2	306
1482837407.43	308
1482837484.22	308
1482837562.36	308
1482837641.19	310
1482837722.21	312
1482837799.26	312
1482837879.1	313
1482837959.43	313
1482838037.8	313
1482838115.74	314
1482838194.28	314
1482838274.86	314
1482838360.99	316
1482838439.14	316
1482838516.94	316
1482838595.2	317
1482838672.46	317
1482838749.31	317
1482838827.69	317
1482838904.42	319
1482838980.3	319
1482839057.51	319
1482839134.33	319
1482839216.12	314
1482839296.8	314
1482839379.63	314
1482839461.03	316
1482839547.43	316
1482839626.56	316
1482839705.39	316
1482839784.55	316
1482839863.4	317
1482839942.44	317
1482840025.96	317
1482840128.3	318
1482840209.21	318
1482840293.94	317
1482840383.02	317
1482840463.38	318
1482840542.99	318
1482840626.24	318
1482840703.97	318
1482840782.37	318
1482840865.67	318
1482840948.84	320
1482841026.99	320
1482841108.66	320
1482841187.69	320
1482841268.82	321
1482841346.44	321
1482841426.48	326
1482841510.47	321
1482841592.45	321
1482841673.6	321
1482841755.54	322
1482841839.36	322
1482841921.14	324
1482842002.08	324
1482842087.64	324
1482842171.0	324
1482842252.98	324
1482842334.9	324
1482842421.93	325
1482842502.37	327
1482842583.8	327
1482842664.91	328
1482842745.48	328
1482842825.45	328
1482842907.47	331
1482842986.66	331
1482843071.36	331
1482843157.51	331
1482843237.8	331
1482843317.05	334
1482843395.95	334
1482843480.48	331
1482843567.01	331
1482843652.11	333
1482843736.11	333
1482843816.97	333
1482843897.68	334
1482843976.05	335
1482844053.98	335
1482844133.18	335
1482844214.15	336
1482844294.43	336
1482844375.08	336
1482844455.36	336
1482844538.61	336
1482844617.43	337
1482844697.47	337
1482844776.8	337
1482844855.34	337
1482844934.46	338
1482845013.6	338
1482845092.18	338
1482845171.25	338
1482845249.94	338
1482845327.65	338
1482845405.82	338
1482845496.54	340
1482845579.74	326
1482845667.39	326
1482845758.6	326
1482845855.05	326
1482845939.65	326
1482846032.3	327
1482846115.21	327
1482846201.72	328
1482846284.06	328
1482846366.83	328
1482846449.0	329
1482846531.92	329
1482846617.07	329
1482846699.63	329
1482846782.84	330
1482846864.47	330
1482846948.47	330
1482847030.35	332
1482847111.8	333
1482847193.82	333
1482847275.31	334
1482847356.02	338
1482847436.25	338
1482847516.01	338
1482847595.14	338
1482847674.5	340
1482847758.24	340
1482847838.69	340
1482847918.64	340
1482848003.59	323
1482848092.06	323
1482848175.93	324
1482848263.62	324
1482848346.62	324
1482848430.25	325
1482848513.55	327
1482848596.11	327
1482848680.17	328
1482848762.42	328
1482848844.69	328
1482848927.16	332
1482849009.8	332
1482849111.14	333
1482849199.86	333
1482849288.83	333
1482849378.39	335
1482849462.64	335
1482849563.25	335
1482849649.63	335
1482849770.02	335
1482849852.48	335
1482849933.39	335
1482850021.13	320
1482850111.55	320
1482850203.45	320
1482850290.13	327
1482850381.26	328
1482850469.17	328
1482850558.08	329
1482850643.41	329
1482850728.06	331
1482850813.06	331
1482850898.06	331
1482850984.88	331
1482851071.02	334
1482851158.27	334
1482851244.24	334
1482851327.98	334
1482851412.11	334
1482851493.02	334
1482851575.32	334
1482851656.73	334
1482851743.34	334
1482851825.24	334
1482851906.65	335
1482851990.14	335
1482852073.81	332
1482852168.84	332
1482852253.0	332
1482852337.29	334
1482852421.92	334
1482852504.93	334
1482852587.19	334
1482852680.65	334
1482852768.44	337
1482852851.49	337
1482852933.82	337
1482853023.49	337
1482853108.81	337
1482853193.93	337
1482853277.16	338
1482853365.0	338
1482853447.53	338
1482853529.77	339
1482853615.27	339
1482853699.62	339
1482853780.39	339
1482853861.61	339
1482853954.68	340
1482854035.88	340
1482854124.17	329
1482854210.98	329
1482854296.47	331
1482854382.27	332
1482854467.99	332
1482854552.44	332
1482854639.34	332
1482854723.74	332
1482854807.59	334
1482854891.69	335
1482854976.28	335
1482855064.79	338
1482855147.72	338
1482855232.24	338
1482855315.87	338
1482855399.73	338
1482855483.68	341
1482855567.74	341
1482855658.63	341
1482855743.08	341
1482855827.95	341
1482855910.65	341
1482855993.3	344
1482856080.9	340
1482856165.04	340
1482856253.92	340
1482856342.13	342
1482856429.87	342
1482856518.78	343
1482856604.72	346
1482856690.87	346
1482856776.16	348
1482856861.85	348
1482856947.81	348
1482857033.03	349
1482857117.29	349
1482857201.69	349
1482857286.64	349
1482857373.94	350
1482857459.35	351
1482857545.11	352
1482857633.45	352
1482857720.26	352
1482857804.47	354
1482857902.58	354
1482857986.84	354
1482858073.99	344
1482858163.98	344
1482858251.25	345
1482858338.45	346
1482858424.37	346
1482858508.58	346
1482858597.11	347
1482858681.61	347
1482858768.75	347
1482858854.15	347
1482858941.71	347
1482859028.03	347
1482859117.07	348
1482859202.35	348
1482859289.04	348
1482859375.03	354
1482859460.13	354
1482859545.77	354
1482859630.49	355
1482859714.42	355
1482859797.71	357
1482859886.05	357
1482859970.94	357
1482860056.76	357
1482860144.72	359
1482860234.82	347
1482860324.6	347
1482860418.61	349
1482860506.61	349
1482860602.45	349
1482860690.34	349
1482860776.71	349
1482860873.91	349
1482860969.85	350
1482861057.8	350
1482861149.01	350
1482861236.46	350
1482861323.87	350
1482861411.72	350
1482861507.4	351
1482861593.83	351
1482861683.68	351
1482861772.77	352
1482861857.81	353
1482861943.07	353
1482862028.27	353
1482862117.67	353
1482862255.55	353
1482862415.71	356
1482862571.54	356
1482862731.28	358
1482862891.47	341
1482863045.46	344
1482863199.03	344
1482863351.41	344
1482863503.05	345
1482863655.79	345
1482863807.43	349
1482863959.2	349
1482864117.59	350
1482864267.84	352
1482864419.59	352
1482864577.15	353
1482864739.28	354
1482864904.09	354
1482865065.66	354
1482865232.59	354
1482865393.08	336
1482865556.19	336
1482865763.81	339
1482866019.85	341
1482866465.34	342
1482866754.91	343
1482867094.31	343
1482867453.53	342
1482867676.09	344
1482867825.32	345
1482867969.42	345
1482868113.34	345
1482868257.68	345
1482868403.62	346
1482868555.03	348
1482868706.75	332
1482868864.24	332
1482869014.89	332
1482869165.52	333
1482869316.38	334
1482869466.79	334
1482869616.33	335
1482869766.92	335
1482869917.29	338
1482870068.01	338
1482870215.53	338
1482870362.98	338
1482870510.85	339
1482870659.61	339
1482870807.86	339
1482870961.87	331
1482871114.32	332
1482871265.96	333
1482871417.67	333
1482871568.05	334
1482871718.55	334
1482871869.06	338
1482872018.61	338
1482872168.2	339
1482872316.12	339
1482872464.98	339
1482872611.54	339
1482872759.36	341
1482872911.16	328
1482873063.48	330
1482873214.5	331
1482873364.27	331
1482873514.84	332
1482873666.99	335
1482873818.46	335
1482873980.1	336
1482874130.39	336
1482874289.4	336
1482874443.45	336
1482874592.72	338
1482874741.98	338
1482874893.8	326
1482875055.39	326
1482875207.35	326
1482875358.14	326
1482875508.04	327
1482875657.78	327
1482875807.28	327
1482875956.64	327
1482876105.71	329
1482876255.53	329
1482876405.38	329
1482876554.85	330
1482876702.65	330
1482876850.42	323
1482877002.6	323
1482877155.37	323
1482877306.55	324
1482877456.67	324
1482877606.03	326
1482877755.09	326
1482877903.99	327
1482878052.36	327
1482878200.49	329
1482878349.0	329
1482878499.23	329
1482878647.26	330
1482878793.6	330
1482878942.74	313
1482879093.64	313
1482879243.85	316
1482879393.62	316
1482879545.09	316
1482879696.77	316
1482879850.58	316
1482880005.43	318
1482880155.99	318
1482880305.36	318
1482880452.38	318
1482880598.71	319
1482880745.3	319
1482880891.83	319
1482881042.31	307
1482881192.5	310
1482881341.31	310
1482881492.55	310
1482881641.33	312
1482881790.0	311
1482881939.15	311
1482882088.04	312
1482882234.94	312
1482882380.69	314
1482882528.94	314
1482882674.61	314
1482882820.16	319
1482882970.2	312
1482883122.22	312
1482883275.48	312
1482883425.22	312
1482883575.98	313
1482883725.33	313
1482883875.14	315
1482884025.89	315
1482884174.75	316
1482884321.02	317
1482884467.7	317
1482884613.75	317
1482884759.86	320
1482884909.84	313
1482885063.65	313
1482885215.19	313
1482885364.11	313
1482885512.47	313
1482885661.52	313
1482885811.77	314
1482885962.15	314
1482886112.59	314
1482886265.69	318
1482886414.57	318
1482886562.5	320
1482886712.57	321
1482886864.0	312
1482887014.28	312
1482887166.25	318
1482887320.88	318
1482887474.65	318
1482887630.43	321
1482887783.21	322
1482887935.37	322
1482888087.42	323
1482888238.86	325
1482888390.09	325
1482888541.17	325
1482888691.53	325
1482888849.97	314
1482889007.92	316
1482889163.13	316
1482889316.69	316
1482889467.84	316
1482889619.43	316
1482889771.15	316
1482889923.29	316
1482890073.98	316
1482890223.29	316
1482890372.33	318
1482890521.02	318
1482890677.65	319
1482890826.9	319
1482890985.41	319
1482891135.65	323
1482891293.14	307
1482891453.45	308
1482891609.78	309
1482891763.53	309
1482891915.84	309
1482892072.18	309
1482892223.87	309
1482892380.04	310
1482892530.92	310
1482892681.18	312
1482892831.88	312
1482892981.75	312
1482893131.74	315
1482893284.53	304
1482893438.12	305
1482893590.88	305
1482893740.89	305
1482893891.59	307
1482894041.78	307
1482894192.78	309
1482894343.28	309
1482894492.37	309
1482894641.31	309
1482894791.52	309
1482894944.96	310
1482895093.86	314
1482895252.22	304
1482895410.92	307
1482895563.54	308
1482895714.47	311
1482895863.69	313
1482896012.74	313
1482896162.72	313
1482896315.09	313
1482896463.66	313
1482896610.7	314
1482896756.89	314
1482896905.72	314
1482897053.87	315
1482897203.53	301
1482897353.67	301
1482897502.81	302
1482897651.5	302
1482897799.47	304
1482897948.85	304
1482898096.56	304
1482898244.4	304
1482898391.87	304
1482898542.91	304
1482898688.79	304
1482898834.02	304
1482898979.67	307
1482899135.51	298
1482899283.47	299
1482899441.52	299
1482899587.32	299
1482899734.15	303
1482899879.99	304
1482900027.0	306
1482900173.7	306
1482900319.89	308
1482900465.24	309
1482900609.31	309
1482900756.01	309
1482900900.43	309
1482901045.96	299
1482901195.74	299
1482901343.71	300
1482901497.91	300
1482901646.09	302
1482901793.93	303
1482901941.45	303
1482902090.67	303
1482902239.4	304
1482902388.2	304
1482902533.41	304
1482902678.79	307
1482902824.31	306
1482902969.57	306
1482903115.11	306
1482903261.02	306
1482903412.24	294
1482903563.53	294
1482903714.11	295
1482903863.15	295
1482904010.86	297
1482904158.66	297
1482904306.05	299
1482904453.61	302
1482904600.68	303
1482904747.24	303
1482904894.39	304
1482905046.63	304
1482905195.83	304
1482905341.77	304
1482905491.0	301
1482905640.28	301
1482905792.37	301
1482905938.4	301
1482906086.16	304
1482906236.28	304
1482906383.23	305
1482906534.8	305
1482906690.79	308
1482906837.68	308
1482906983.55	308
1482907128.42	308
1482907274.13	308
1482907425.75	300
1482907579.92	300
1482907728.56	304
1482907878.94	304
1482908028.95	304
1482908185.74	305
1482908334.91	305
1482908484.15	305
1482908633.27	307
1482908782.8	307
1482908932.53	307
1482909086.23	307
1482909235.97	307
1482909386.45	310
1482909538.44	296
1482909696.08	296
1483191680.92	340
1483191863.74	342
1483192047.12	342
1483192237.83	330
1483192431.65	330
1483192621.09	335
1483192804.98	335
1483192990.47	337
1483193183.07	337
1483193367.93	338
1483193551.44	338
1483193734.7	338
1483193920.89	339
1483194104.62	339
1483194285.85	341
1483194467.47	341
1483194649.21	342
1483194830.46	342
1483195014.04	328
1483195203.96	328
1483195392.64	328
1483195580.21	329
1483195764.33	329
1483195951.04	330
1483196136.37	330
1483196319.62	332
1483196507.0	332
1483196694.27	334
1483196878.25	334
1483197059.4	334
1483197241.74	334
1483197424.18	336
1483197621.56	338
1483197810.0	333
1483198005.48	335
1483198190.66	337
1483198377.39	337
1483198563.46	338
1483198750.91	338
1483198937.45	340
1483199122.89	340
1483199307.7	341
1483199491.53	341
1483199675.36	343
1483199858.14	347
1483200047.02	347
1483200244.87	338
1483200439.19	339
1483200633.85	339
1483200820.26	340
1483201004.97	341
1483201191.66	342
1483201377.34	343
1483201560.17	343
1483201752.07	347
1483201935.44	347
1483202120.67	348
1483202313.08	350
1483202498.49	351
1483202686.91	347
1483202878.8	347
1483203070.9	348
1483203259.96	348
1483203447.81	348
1483203636.33	348
1483203827.27	348
1483204047.56	348
1483204242.71	348
1483204430.44	348
1483204616.16	350
1483204803.6	350
1483204990.18	352
1483205175.97	352
1483205364.84	352
1483205551.61	350
1483205740.6	339
1483205929.23	341
1483206119.05	341
1483206308.18	344
1483206495.11	344
1483206682.94	347
1483206872.7	347
1483207058.45	349
1483207243.3	349
1483207431.24	353
1483207619.31	353
1483207804.05	353
1483207991.38	355
1483208180.43	355
1483208368.32	349
1483208561.46	350
1483208752.63	352
1483208944.82	352
1483209134.72	354
1483209327.44	354
1483209518.25	354
1483209709.33	357
1483209897.58	358
1483210085.66	358
1483210271.78	359
1483210462.68	359
1483210650.86	347
1483210841.89	347
1483211036.83	348
1483211230.21	350
1483211424.06	350
1483211615.17	351
1483211806.18	353
1483211995.27	353
1483212185.46	353
1483212374.96	355
1483212566.72	355
1483212756.14	356
1483212946.74	337
1483213141.45	337
1483213333.62	337
1483213522.49	337
1483213709.98	337
1483213898.12	339
1483214085.82	340
1483214273.04	342
1483214458.65	342
1483214642.81	345
1483214826.45	345
1483215010.27	345
1483215194.73	348
1483215381.1	349
1483215573.02	332
1483215766.26	334
1483215956.33	336
1483216145.57	336
1483216340.21	337
1483216527.72	337
1483216714.56	337
1483216899.27	338
1483217080.98	338
1483217262.45	340
1483217444.42	340
1483217627.68	340
1483217814.34	330
1483218000.71	331
1483218185.78	332
1483218371.81	333
1483218557.23	333
1483218740.36	334
1483218925.5	334
1483219107.57	335
1483219287.29	337
1483219467.94	337
1483219645.95	339
1483219834.51	339
1483220023.95	325
1483220214.49	325
1483220401.34	325
1483220586.86	326
1483220772.84	327
1483220958.38	327
1483221141.2	327
1483221321.89	327
1483221500.46	327
1483221679.1	327
1483221862.59	327
1483222040.87	327
1483222224.11	315
1483222408.2	315
1483222589.68	315
1483222770.76	317
1483222951.28	317
1483223130.41	318
1483223310.57	319
1483223488.43	320
1483223666.07	320
1483223840.9	320
1483224017.97	320
1483224194.46	321
1483224372.17	314
1483224552.51	314
1483224732.97	316
1483224913.38	316
1483225092.25	316
1483225274.92	318
1483225461.77	318
1483225640.33	318
1483225819.9	318
1483225991.53	318
1483226162.18	318
1483226328.84	319
1483226495.22	319
1483226665.73	310
1483226837.41	311
1483227017.47	311
1483227199.18	314
1483227374.46	314
1483227545.7	315
1483227716.49	315
1483227890.0	315
1483228057.06	316
1483228223.66	317
1483228391.75	317
1483228557.55	317
1483228723.99	318
1483228897.03	310
1483229068.57	310
1483229239.38	310
1483229410.7	310
1483229579.61	311
1483229753.13	311
1483229928.8	311
1483230099.95	311
1483230267.94	311
1483230431.48	311
1483230603.16	311
1483230765.6	311
1483230927.16	311
1483231092.63	311
1483231262.14	300
1483231430.68	300
1483231599.82	300
1483231766.35	300
1483231932.18	300
1483232097.86	300
1483232263.11	301
1483232427.15	302
1483232590.11	302
1483232752.95	302
1483232915.74	302
1483233077.53	303
1483233238.29	304
1483233398.19	304
1483233559.18	304
1483233719.62	291
1483233883.67	291
1483234047.26	293
1483234211.61	293
1483234375.16	295
1483234537.95	297
1483234710.71	297
1483234877.52	299
1483235041.98	300
1483235205.49	301
1483235367.15	302
1483235528.05	302
1483235690.56	302
1483235851.11	302
1483236016.34	291
1483236185.57	292
1483236355.56	292
1483236520.79	293
1483236683.79	293
1483236854.74	293
1483237019.56	293
1483237182.74	293
1483237344.82	293
1483237507.51	293
1483237668.69	293
1483237830.0	294
1483238002.44	295
1483238162.98	294
1483238333.8	289
1483238500.68	291
1483238666.09	291
1483238830.81	295
1483238994.31	295
1483239158.24	299
1483239322.6	299
1483239485.67	299
1483239648.41	300
1483239813.31	300
1483239974.21	303
1483240138.42	304
1483240299.44	304
1483240463.25	296
1483240631.13	296
1483240800.03	297
1483240966.46	297
1483241131.48	297
1483241294.85	298
1483241458.1	298
1483241622.17	298
1483241785.37	298
1483241955.4	298
1483242116.94	300
1483242279.12	300
1483242438.75	301
1483242606.1	301
1483242775.41	297
1483242943.53	298
1483243110.48	298
1483243275.39	299
1483243440.01	299
1483243604.51	302
1483243769.15	302
1483243934.62	302
1483244098.9	303
1483244259.48	303
1483244428.74	303
1483244590.43	303
1483244751.61	303
1483244912.52	303
1483245077.58	293
1483245244.6	293
1483245415.83	293
1483245588.56	294
1483245750.96	294
1483245922.88	296
1483246084.03	296
1483246254.58	296
1483246415.73	298
1483246578.1	298
1483246737.42	299
1483246896.49	299
1483247055.51	299
1483247215.21	289
1483247383.12	289
1483247556.09	290
1483247721.64	291
1483247886.01	292
1483248050.25	292
1483248223.86	292
1483248389.99	293
1483248554.2	294
1483248717.34	294
1483248879.52	296
1483249042.46	296
1483249205.94	296
1483249371.51	296
1483249540.06	287
1483249719.81	288
1483249896.78	288
1483250062.04	289
1483250225.25	289
1483250397.63	290
1483250568.23	291
1483250730.93	291
1483250893.36	292
1483251053.64	292
1483251216.99	292
1483251377.36	294
1483251537.26	294
1483251697.74	287
1483251864.14	287
1483252038.77	288
1483252211.8	290
1483252381.4	290
1483252552.07	290
1483252715.93	290
1483252882.16	290
1483253053.4	292
1483253226.12	293
1483253394.43	293
1483253558.06	293
1483253718.01	294
1483253879.74	294
1483254041.97	286
1483254210.28	286
1483254375.11	286
1483254544.43	287
1483254710.71	287
1483254876.43	288
1483255042.08	288
1483255205.83	288
1483255371.2	288
1483255537.53	288
1483255699.99	288
1483255878.89	289
1483256044.45	289
1483256209.36	289
1483256372.84	285
1483256534.7	285
1483256700.47	285
1483256861.71	286
1483257031.52	286
1483257193.77	287
1483257366.53	287
1483257527.83	287
1483257688.01	287
1483257849.28	287
1483258010.67	288
1483258173.84	291
1483258334.51	291
1483258494.49	292
1483258664.35	285
1483258830.89	285
1483258997.02	285
1483259161.71	287
1483259324.07	287
1483259487.52	288
1483259649.23	289
1483259811.01	289
1483259971.7	290
1483260129.52	290
1483260288.21	291
1483260445.96	292
1483260603.46	292
1483260760.35	293
1483260923.5	290
1483261089.41	291
1483261255.31	291
1483261417.98	292
1483261581.2	292
1483261744.79	293
1483261918.35	293
1483262084.84	293
1483262252.1	294
1483262413.79	295
1483262574.0	297
1483262733.93	297
1483262893.18	297
1483263055.24	293
1483263219.5	293
1483263389.1	295
1483263551.58	296
1483263714.43	296
1483263877.36	297
1483264040.03	297
1483264202.34	298
1483264364.1	298
1483264524.93	298
1483264685.69	299
1483264844.45	299
1483265004.0	300
1483265163.72	301
1483265327.55	290
1483265494.01	290
1483265660.17	290
1483265824.76	291
1483265991.93	291
1483266154.83	292
1483266316.6	292
1483266477.83	293
1483266642.02	294
1483266802.09	295
1483266961.68	295
1483267118.48	295
1483267277.12	297
1483267434.92	299
1483267600.3	290
1483267776.54	292
1483267955.85	292
1483268126.03	294
1483268289.08	294
1483268454.56	296
1483268618.61	296
1483268782.55	296
1483268947.25	299
1483269108.96	299
1483269271.68	301
1483269453.95	301
1483269638.48	304
1483269806.03	304
1483269976.16	298
1483270147.35	298
1483270334.69	301
1483270507.79	306
1483270677.05	306
1483270845.15	310
1483271012.84	310
1483271186.97	311
1483271353.6	311
1483271517.59	314
1483271691.19	316
1483271863.01	317
1483272039.92	319
1483272206.71	319
1483272376.26	312
1483272555.38	312
1483272734.12	313
1483272906.18	316
1483273076.68	318
1483273246.05	320
1483273414.25	320
1483273580.07	320
1483273744.1	320
1483273906.98	320
1483274068.53	321
1483274229.52	321
1483274391.13	323
1483274553.22	325
1483274718.92	318
1483274887.38	318
1483275058.13	318
1483275227.84	319
1483275397.71	319
1483275565.82	320
1483275731.85	320
1483275904.39	320
1483276070.15	321
1483276238.92	323
1483276410.45	323
1483276578.92	323
1483276743.14	323
1483276910.96	323
1483277085.55	319
1483277264.73	320
1483277443.96	320
1483277626.59	326
1483277794.29	326
1483277963.25	328
1483278131.44	328
1483278297.58	328
1483278462.88	328
1483278627.18	330
1483278791.57	332
1483278956.76	332
1483279120.94	337
1483279284.37	337
1483279451.6	340
1483279620.64	333
1483279796.44	333
1483279968.23	333
1483280143.32	333
1483280314.25	336
1483280486.89	336
1483280660.0	339
1483280837.44	339
1483281006.01	339
1483281173.12	339
1483281342.01	341
1483281505.17	341
1483281670.28	342
1483281841.55	342
1483282008.4	342
1483282170.97	344
1483282340.85	337
1483282518.47	337
1483282688.67	337
1483282857.42	340
1483283033.58	340
1483283204.83	340
1483283373.53	341
1483283542.69	341
1483283709.47	341
1483283874.41	341
1483284039.63	342
1483284202.01	342
1483284375.81	342
1483284544.0	342
1483284720.0	343
1483284884.74	343
1483285052.7	343
1483285219.51	343
1483285385.02	343
1483285552.39	328
1483285727.91	328
1483285903.73	328
1483286076.56	328
1483286252.01	331
1483286428.13	332
1483286602.53	334
1483286777.95	334
1483286949.55	334
1483287118.61	334
1483287290.98	337
1483287459.35	337
1483287626.17	337
1483287792.57	337
1483287964.83	323
1483288139.42	323
1483288312.65	324
1483288484.71	324
1483288662.6	326
1483288838.22	326
1483289007.24	326
1483289176.13	327
1483289344.43	329
1483289516.61	329
1483289684.55	331
1483289850.44	331
1483290021.8	333
1483290193.42	333
1483290363.69	321
1483290535.29	321
1483290706.84	321
1483290883.69	323
1483291069.03	323
1483291236.24	324
1483291404.01	324
1483291571.91	324
1483291740.87	326
1483291911.17	326
1483292079.89	326
1483292246.37	326
1483292417.27	328
1483292584.6	328
1483292756.29	320
1483292930.72	321
1483293104.43	321
1483293276.84	321
1483293449.43	321
1483293627.7	323
1483293803.11	324
1483293974.52	324
1483294142.63	325
1483294317.66	326
1483294488.44	327
1483294659.43	328
1483294826.32	333
1483294997.98	333
1483295170.82	324
1483295353.11	324
1483295530.25	325
1483295703.99	325
1483295877.08	327
1483296050.63	329
1483296223.52	329
1483296396.17	329
1483296568.19	330
1483296736.57	330
1483296904.09	332
1483297074.5	332
1483297248.33	334
1483297419.45	335
1483297594.85	325
1483297773.57	327
1483297957.25	327
1483298137.31	329
1483298318.66	331
1483298496.45	333
1483298669.09	333
1483298840.17	334
1483299008.95	334
1483299185.56	336
1483299354.45	336
1483299523.61	337
1483299695.14	338
1483299872.59	330
1483300057.1	331
1483300240.58	331
1483300422.27	332
1483300601.72	333
1483300779.63	335
1483300958.18	336
1483301135.53	336
1483301312.23	336
1483301493.51	337
1483301673.72	337
1483301853.23	339
1483302025.76	339
1483302200.7	327
1483302377.03	327
1483302555.46	330
1483302733.11	330
1483302908.55	330
1483303088.98	330
1483303262.98	330
1483303436.85	330
1483303611.55	331
1483303783.88	331
1483303954.37	332
1483304124.24	332
1483304295.84	333
1483304468.74	324
1483304646.21	324
1483304829.17	325
1483305012.07	326
1483305192.38	326
1483305385.01	327
1483305566.35	328
1483305744.01	328
1483305919.13	329
1483306092.06	330
1483306265.6	330
1483306444.3	332
1483306619.65	333
1483306790.06	325
1483306967.9	325
1483307146.64	328
1483307327.44	328
1483307507.59	330
1483307686.65	330
1483307869.2	331
1483308049.81	331
1483308231.86	332
1483308412.16	332
1483308588.67	333
1483308767.26	334
1483308951.62	334
1483309132.1	334
1483309307.49	334
1483309485.5	335
1483309667.98	320
1483309853.41	320
1483310043.45	320
1483310234.43	321
1483310422.72	321
1483310602.08	325
1483310783.12	325
1483310962.51	326
1483311138.93	328
1483311315.16	328
1483311489.24	328
1483311663.08	328
1483311836.29	328
1483312020.65	317
1483312210.12	317
1483312397.39	318
1483312576.73	319
1483312758.52	319
1483312934.61	320
1483313110.23	320
1483313288.13	320
1483313466.15	321
1483313641.72	321
1483313812.28	324
1483313984.45	324
1483314155.73	324
1483314328.31	315
1483314507.62	315
1483314688.34	315
1483314870.13	316
1483315056.38	317
1483315237.99	317
1483315416.95	317
1483315595.89	317
1483315777.92	318
1483315958.35	318
1483316133.88	318
1483316308.36	321
1483316483.5	321
1483316663.84	311
1483316855.26	311
1483317038.74	311
1483317215.05	314
1483317391.92	314
1483317570.19	315
1483317745.44	316
1483317920.85	316
1483318094.66	317
1483318266.69	318
1483318437.84	319
1483318609.49	321
1483318779.98	322
1483318951.29	322
1483319124.31	325
1483319328.12	315
1483319531.02	315
1483319725.21	315
1483319920.27	319
1483320096.43	321
1483320278.66	321
1483320463.14	321
1483320640.54	324
1483320814.27	324
1483320989.57	324
1483321162.48	325
1483321334.66	325
1483321507.34	325
1483321685.15	314
1483321868.59	317
1483322049.73	317
1483322230.56	320
1483322407.11	323
1483322582.97	323
1483322760.72	325
1483322937.31	325
1483323113.33	325
1483323282.84	327
1483323451.42	327
1483323618.92	328
1483323785.91	328
1483323960.13	313
1483324133.17	313
1483324315.5	313
1483324489.09	314
1483324661.77	314
1483324835.2	314
1483325014.61	316
1483325189.87	316
1483325360.13	317
1483325529.9	317
1483325704.65	318
1483325872.38	318
1483326037.58	319
1483326212.62	305
1483326388.88	305
1483326565.12	305
1483326738.55	308
1483326910.07	308
1483327082.33	309
1483327252.15	310
1483327423.15	310
1483327590.89	313
1483327755.93	313
1483327926.79	313
1483328093.19	314
1483328258.07	314
1483328428.75	307
1483328602.58	307
1483328776.29	309
1483328953.97	309
1483329125.69	309
1483329311.46	310
1483329482.75	311
1483329652.75	311
1483329820.47	311
1483329989.34	311
1483330159.73	311
1483330327.87	311
1483330496.26	311
1483330665.32	302
1483330841.71	302
1483331021.21	302
1483331195.97	302
1483331368.16	303
1483331537.3	304
1483331706.55	304
1483331880.48	304
1483332053.11	306
1483332230.85	306
1483332399.84	306
1483332567.85	306
1483332729.81	308
1483332889.2	308
1483333052.56	295
1483333230.38	296
1483333409.69	296
1483333576.69	296
1483333740.02	298
1483333901.12	299
1483334062.07	299
1483334231.3	299
1483334387.29	301
1483334543.83	301
1483334698.81	301
1483334853.38	301
1483335007.44	302
1483335163.66	302
1483335322.12	302
1483335494.16	297
1483335671.01	300
1483335840.04	300
1483336005.35	302
1483336183.81	303
1483336349.9	304
1483336515.04	305
1483336687.36	305
1483336868.14	306
1483337040.54	306
1483337217.83	307
1483337380.99	307
1483337545.04	308
1483337713.49	295
1483337898.47	295
1483338076.83	296
1483338257.01	296
1483338432.23	296
1483338604.88	297
1483338778.45	297
1483338950.22	297
1483339118.94	298
1483339284.58	298
1483339447.99	299
1483339611.62	299
1483339786.87	302
1483339949.43	302
1483340118.4	293
1483340298.45	295
1483340480.97	295
1483340652.86	296
1483340820.45	296
1483341003.7	296
1483341178.21	296
1483341346.62	298
1483341510.12	298
1483341673.75	300
1483341836.71	300
1483342008.18	300
1483342185.33	300
1483342362.25	291
1483342536.94	291
1483342716.46	291
1483342898.67	292
1483343067.85	292
1483343238.72	296
1483343412.2	297
1483343581.02	298
1483343745.93	298
1483343912.59	298
1483344084.24	300
1483344265.65	300
1483344437.66	301
1483344600.29	301
1483344766.53	302
1483344931.11	294
1483345103.16	294
1483345276.79	295
1483345446.12	297
1483345614.32	298
1483345782.06	298
1483345948.7	300
1483346114.9	300
1483346284.18	300
1483346451.21	300
1483346617.7	301
1483346783.53	302
1483346949.95	302
1483347114.36	302
1483347278.92	306
1483347451.58	295
1483347639.86	295
1483347827.75	298
1483348009.21	298
1483348183.32	300
1483348353.32	300
1483348522.53	300
1483348692.31	302
1483348863.22	302
1483349028.0	302
1483349193.53	308
1483349361.86	308
1483349536.21	311
1483349702.49	311
1483349868.97	314
1483350035.93	314
1483350208.53	314
1483350383.77	315
1483350570.34	317
1483350749.01	322
1483350921.47	324
1483351096.22	325
1483351275.12	325
1483351459.44	325
1483351635.25	330
1483351801.82	331
1483351970.62	332
1483352137.16	332
1483352302.04	333
1483352469.37	333
1483352645.95	325
1483352823.95	325
1483353002.39	325
1483353174.94	325
1483353345.11	328
1483353515.95	328
1483353688.03	330
1483353859.12	330
1483354025.92	331
1483354194.64	332
1483354360.77	332
1483354527.86	335
1483354695.79	335
1483354868.0	335
1483355040.48	336
1483355228.29	324
1483355410.99	326
1483355587.58	326
1483355761.31	329
1483355935.25	329
1483356109.85	331
1483356302.43	331
1483356474.25	332
1483356642.46	332
1483356817.19	335
1483356983.99	335
1483357150.59	338
1483357317.42	338
1483357490.49	340
1483357662.98	343
1483357849.48	333
1483358034.64	335
1483358212.87	335
1483358402.0	336
1483358610.48	337
1483358787.93	337
1483358962.93	338
1483359135.64	342
1483359306.69	342
1483359478.37	344
1483359646.11	344
1483359815.69	345
1483359986.34	345
1483360157.39	347
1483360334.46	335
1483360515.21	335
1483360700.29	337
1483360876.21	337
1483361054.91	338
1483361229.73	339
1483361405.88	339
1483361592.35	339
1483361767.49	342
1483361939.33	342
1483362119.88	348
1483362298.1	350
1483362479.12	351
1483362656.36	353
1483362830.36	353
1483363008.99	339
1483363199.13	340
1483363381.18	341
1483363558.72	343
1483363736.64	343
1483363913.43	343
1483364090.19	346
1483364265.36	349
1483364440.98	349
1483364612.46	349
1483364784.87	349
1483364958.65	350
1483365130.86	350
1483365302.7	350
1483365475.13	350
1483365654.22	338
1483365850.37	340
1483366041.01	341
1483366219.36	346
1483366397.48	346
1483366574.7	346
1483366753.26	350
1483366930.33	351
1483367112.05	351
1483367286.61	351
1483367462.1	353
1483367637.24	353
1483367812.63	354
1483367988.38	354
1483368167.34	343
1483368348.12	348
1483368529.68	348
1483368709.75	349
1483368888.76	350
1483369068.67	350
1483369252.11	350
1483369442.75	352
1483369619.54	352
1483369795.0	358
1483369969.88	358
1483370145.1	359
1483370320.93	359
1483370497.54	361
1483370682.41	355
1483370870.22	355
1483371053.85	355
1483371237.8	356
1483371420.44	356
1483371605.31	356
1483371789.91	357
1483371987.83	357
1483372166.54	358
1483372344.43	363
1483372523.16	363
1483372701.06	364
1483372878.37	364
1483373060.26	364
1483373250.3	357
1483373434.77	357
1483373630.68	359
1483373815.82	359
1483373999.55	360
1483374190.97	361
1483374370.78	362
1483374554.28	363
1483374732.82	365
1483374912.34	365
1483375092.68	366
1483375271.39	367
1483375450.83	367
1483375629.25	358
1483375829.2	358
1483376013.98	361
1483376196.24	361
1483376378.12	363
1483376559.58	363
1483376739.47	363
1483376926.78	363
1483377107.84	364
1483377285.21	365
1483377465.18	365
1483377639.84	367
1483377813.7	367
1483377988.82	372
1483378162.06	355
1483378344.77	356
1483378524.69	359
1483378703.48	359
1483378879.05	359
1483379059.75	361
1483379252.16	361
1483379431.16	363
1483379606.31	363
1483379779.15	364
1483379953.1	366
1483380130.16	366
1483380303.99	369
1483380480.87	371
1483380657.39	372
1483380831.09	373
1483381013.41	352
1483381196.08	356
1483381376.55	356
1483381557.87	356
1483381740.12	359
1483382012.28	359
1483382194.87	361
1483382374.41	361
1483382554.98	361
1483382736.14	361
1483382916.03	363
1483383096.24	366
1483383275.52	366
1483383453.9	367
1483383631.07	367
1483383818.6	352
1483384002.46	353
1483384186.4	355
1483384363.66	356
1483384542.38	357
1483384719.3	357
1483384897.13	357
1483385075.47	357
1483385252.86	360
1483385429.57	361
1483385614.76	361
1483385791.17	365
1483385965.69	365
1483386141.77	366
1483386318.2	353
1483386506.1	353
1483386693.59	359
1483386877.58	359
1483387057.19	361
1483387234.55	361
1483387426.06	361
1483387603.45	362
1483387781.1	364
1483387957.77	364
1483388136.42	367
1483388310.87	368
1483388484.04	369
1483388658.71	369
1483388833.18	370
1483389011.02	352
1483389192.55	353
1483389369.69	353
1483389547.82	353
1483389724.55	353
1483389911.53	357
1483390086.33	359
1483390260.66	360
1483390434.11	360
1483390609.18	362
1483390781.34	362
1483390956.64	363
1483391130.48	364
1483391332.71	354
1483391516.57	356
1483391696.28	356
1483391879.46	358
1483392059.04	358
1483392237.68	360
1483392418.31	363
1483392596.23	363
1483392774.23	363
1483392950.79	363
1483393124.69	363
1483393300.1	364
1483393476.66	364
1483393651.59	364
1483393830.07	352
1483394013.38	355
1483394202.9	355
1483394384.95	357
1483394561.73	357
1483394738.17	359
1483394915.62	359
1483395095.85	361
1483395279.33	361
1483395452.49	362
1483395633.82	362
1483395809.27	363
1483395984.25	363
1483396159.38	365
1483396332.37	366
1483396517.04	352
1483396702.86	354
1483396888.45	355
1483397070.07	357
1483397250.32	358
1483397429.92	358
1483397614.99	358
1483397798.6	358
1483397973.96	358
1483398151.7	361
1483398327.28	363
1483398502.24	363
1483398680.11	353
1483398876.17	353
1483399073.64	353
1483399269.0	359
1483399451.4	359
1483399642.76	363
1483399824.15	364
1483400006.66	367
1483400186.39	367
1483400369.14	367
1483400548.64	367
1483400728.16	367
1483400908.72	367
1483401096.92	356
1483401284.12	356
1483401465.58	356
1483401650.95	357
1483401832.28	358
1483402013.94	359
1483402216.82	359
1483402398.99	359
1483402578.99	359
1483402755.71	360
1483402938.76	360
1483403114.42	360
1483403289.33	361
1483403475.67	350
1483403662.02	351
1483403841.13	351
1483404029.48	352
1483404207.08	352
1483404387.32	353
1483404565.61	354
1483404743.57	356
1483404919.71	356
1483405095.99	358
1483405283.76	358
1483405461.54	361
1483405639.3	362
1483405826.91	342
1483406009.45	343
1483406188.89	343
1483406369.7	346
1483406549.0	346
1483406729.36	346
1483406909.23	347
1483407089.04	348
1483407264.29	348
1483407443.98	349
1483407651.01	349
1483407848.88	349
1483408060.34	335
1483408258.74	335
1483408450.55	337
1483408631.06	339
1483408811.49	339
1483408994.06	341
1483409174.64	341
1483409357.75	341
1483409535.61	344
1483409711.76	344
1483409889.21	346
1483410063.46	346
1483410237.34	348
1483410420.33	349
1483410626.04	333
1483410837.16	334
1483411036.68	333
1483411236.36	333
1483411431.19	333
1483411615.44	336
1483411799.68	337
1483411984.9	337
1483412162.37	337
1483412340.53	337
1483412514.27	339
1483412689.62	339
1483412871.74	321
1483413061.16	323
1483413247.87	325
