1482700608.35	406
1482700768.05	406
1482700872.88	406
1482700978.65	406
1482701084.97	406
1482701191.04	407
1482701298.34	408
1482701404.26	408
1482701514.05	409
1482701619.65	409
1482701725.18	410
1482701830.65	410
1482701936.55	411
1482702042.8	411
1482702149.65	403
1482702256.56	403
1482702362.66	403
1482702469.11	403
1482702575.8	403
1482702681.32	403
1482702786.94	403
1482702896.75	403
1482703004.25	403
1482703109.06	404
1482703145.98	404
1482703259.38	404
1482703371.27	405
1482703483.04	405
1482703594.0	405
1482703704.17	405
1482703815.04	397
1482703933.1	397
1482704102.56	398
1482704338.91	398
1482704492.19	398
1482704662.06	401
1482704824.17	401
1482705075.3	402
1482705310.97	402
1482705576.79	402
1482705773.47	402
1482705889.78	402
1482706008.02	402
1482706124.25	406
1482706244.4	406
1482706360.74	408
1482706477.71	408
1482706594.89	410
1482706712.5	411
1482706830.08	412
1482706947.0	413
1482707069.19	392
1482707218.23	393
1482707425.47	393
1482707567.0	396
1482707702.67	398
1482707821.67	400
1482707941.08	401
1482708059.21	401
1482708178.17	402
1482708297.8	402
1482708417.64	402
1482708537.86	403
1482708656.62	403
1482708774.79	404
1482708892.33	405
1482709009.77	405
1482709127.34	406
1482709244.29	406
1482709364.05	407
1482709484.76	395
1482709603.21	398
1482709721.91	398
1482709840.75	398
1482709957.06	398
1482710072.36	398
1482710187.91	398
1482710303.81	398
1482710420.49	398
1482710537.33	399
1482710653.52	399
1482710771.84	401
1482710887.88	402
1482711004.47	402
1482711120.71	402
1482711239.82	391
1482711360.4	392
1482711483.53	392
1482711602.33	394
1482711720.36	395
1482711836.97	395
1482711954.44	395
1482712071.58	396
1482712189.21	396
1482712306.92	396
1482712424.11	398
1482712540.33	398
1482712657.34	398
1482712772.86	398
1482712887.54	399
1482713002.19	399
1482713117.34	402
1482713237.59	389
1482713357.13	389
1482713476.91	391
1482713595.34	391
1482713712.79	392
1482713831.08	392
1482713954.68	392
1482714077.92	392
1482714200.21	393
1482714323.83	393
1482714445.11	394
1482714563.18	394
1482714682.11	394
1482714806.33	395
1482714925.91	395
1482715045.47	395
1482715172.09	383
1482715296.83	383
1482715418.7	385
1482715542.84	385
1482715660.07	385
1482715775.52	385
1482715901.63	386
1482716020.01	389
1482716148.08	389
1482716264.42	389
1482716378.92	392
1482716491.37	392
1482716604.43	393
1482716720.27	395
1482716835.14	397
1482716950.34	397
1482717068.04	397
1482717183.31	397
1482717298.99	402
1482717413.5	402
1482717539.03	394
1482717660.99	394
1482717780.7	400
1482717898.73	400
1482718034.62	400
1482718169.63	400
1482718290.77	400
1482718407.39	401
1482718524.25	401
1482718642.4	403
1482718760.36	403
1482718876.25	403
1482719004.93	403
1482719142.42	405
1482719264.0	407
1482719383.39	399
1482719506.34	398
1482719627.42	399
1482719749.85	399
1482719872.59	403
1482719992.67	403
1482720111.27	404
1482720238.78	406
1482720365.69	407
1482720484.68	407
1482720602.74	407
1482720720.56	408
1482720837.5	408
1482720953.85	410
1482721070.64	410
1482721190.43	406
1482721313.03	406
1482721435.32	407
1482721558.65	407
1482721680.15	408
1482721800.5	408
1482721921.23	411
1482722042.39	411
1482722162.88	411
1482722282.29	415
1482722401.97	415
1482722521.24	416
1482722643.86	416
1482722768.53	416
1482722889.55	416
1482723012.91	416
1482723132.51	416
1482723254.61	416
1482723377.82	416
1482723497.65	407
1482723615.62	407
1482723734.4	409
1482723853.08	409
1482723970.03	409
1482724090.39	411
1482724207.87	411
1482724324.79	411
1482724443.17	411
1482724563.0	411
1482724681.82	411
1482724800.33	411
1482724917.34	411
1482725034.27	413
1482725151.22	413
1482725269.78	414
1482725391.36	397
1482725511.52	398
1482725630.63	398
1482725747.15	398
1482725863.24	398
1482725979.58	400
1482726098.69	400
1482726216.74	400
1482726333.24	401
1482726449.52	401
1482726565.0	401
1482726679.58	406
1482726793.99	406
1482726907.7	406
1482727026.55	406
1482727140.27	409
1482727253.22	409
1482727365.83	409
1482727478.9	413
1482727594.26	392
1482727713.04	394
1482727832.55	395
1482727952.26	395
1482728069.86	398
1482728186.22	398
1482728303.49	398
1482728421.23	398
1482728538.73	399
1482728655.6	399
1482728772.83	401
1482728888.93	401
1482729004.59	401
1482729118.63	401
1482729233.37	402
1482729347.66	402
1482729464.97	393
1482729585.84	393
1482729708.35	395
1482729828.09	395
1482729949.39	396
1482730072.08	397
1482730230.38	398
1482730363.9	399
1482730484.36	399
1482730607.8	399
1482730726.97	400
1482730850.15	401
1482730969.6	401
1482731088.17	405
1482731218.34	405
1482731352.16	406
1482731474.4	398
1482731600.06	400
1482731722.98	407
1482731856.24	407
1482731980.92	407
1482732102.41	408
1482732222.72	408
1482732346.32	408
1482732465.7	408
1482732585.39	408
1482732706.48	408
1482732827.93	408
1482732946.04	409
1482733063.87	409
1482733182.61	394
1482733307.8	396
1482733427.56	398
1482733545.6	398
1482733663.52	398
1482733780.5	398
1482733902.67	398
1482734020.38	398
1482734142.56	398
1482734265.91	402
1482734383.5	402
1482734499.91	402
1482734615.41	402
1482734731.03	407
1482734846.62	407
1482734962.09	408
1482735079.66	395
1482735199.2	395
1482735319.23	395
1482735439.41	395
1482735558.04	399
1482735675.64	399
1482735793.33	399
1482735910.86	399
1482736027.81	401
1482736145.45	401
1482736263.42	401
1482736380.82	401
1482736496.78	401
1482736612.8	401
1482736727.86	402
1482736846.26	402
1482736968.09	403
1482737087.12	391
1482737215.05	391
1482737335.35	392
1482737460.89	392
1482737581.22	392
1482737700.56	392
1482737825.32	394
1482737945.33	397
1482738063.11	398
1482738180.22	399
1482738300.14	399
1482738416.76	399
1482738534.18	399
1482738650.46	400
1482738766.26	400
1482738882.91	402
1482739006.12	392
1482739127.01	392
1482739247.88	394
1482739366.51	394
1482739485.21	394
1482739603.04	394
1482739720.79	398
1482739839.32	398
1482739957.66	398
1482740077.19	398
1482740195.65	399
1482740312.27	399
1482740427.96	399
1482740543.5	399
1482740657.46	400
1482740776.21	400
1482740890.57	400
1482741009.79	402
1482741132.11	389
1482741250.83	390
1482741372.64	391
1482741491.93	391
1482741608.32	396
1482741727.04	396
1482741844.12	396
1482741961.85	396
1482742079.1	396
1482742197.3	398
1482742315.47	398
1482742433.01	398
1482742551.25	398
1482742668.91	398
1482742786.84	401
1482742905.23	401
1482743024.2	405
1482743147.21	392
1482743267.42	392
1482743387.17	392
1482743505.63	392
1482743624.18	392
1482743742.94	392
1482743863.08	392
1482743982.55	393
1482744104.12	394
1482744223.1	394
1482744340.79	395
1482744457.76	395
1482744574.27	400
1482744691.84	400
1482744808.44	403
1482744931.47	395
1482745056.99	395
1482745179.38	397
1482745300.96	397
1482745421.88	398
1482745542.44	401
1482745662.57	401
1482745782.23	401
1482745901.74	401
1482746022.0	401
1482746140.95	401
1482746259.09	401
1482746376.85	402
1482746498.52	402
1482746617.5	402
1482746738.27	389
1482746862.05	389
1482746988.34	391
1482747123.67	391
1482747251.98	394
1482747373.87	394
1482747497.99	395
1482747628.7	397
1482747758.02	397
1482747879.99	398
1482748002.56	398
1482748124.49	398
1482748245.61	398
1482748366.11	399
1482748486.3	399
1482748609.21	390
1482748733.01	390
1482748857.5	391
1482748980.68	391
1482749102.27	391
1482749223.69	392
1482749345.3	394
1482749466.2	394
1482749589.36	395
1482749710.05	395
1482749830.0	395
1482749949.52	395
1482750069.41	400
1482750188.06	400
1482750307.21	403
1482750426.07	403
1482750546.22	409
1482750668.86	400
1482750792.89	401
1482750916.11	401
1482751037.97	401
1482751160.09	402
1482751281.84	403
1482751407.02	404
1482751529.68	407
1482751651.72	407
1482751774.74	407
1482751897.21	407
1482752019.29	407
1482752140.85	410
1482752261.67	412
1482752388.81	415
1482752513.61	405
1482752637.36	408
1482752760.25	408
1482752884.34	408
1482753005.13	408
1482753125.43	410
1482753247.44	410
1482753368.31	413
1482753489.3	413
1482753618.07	413
1482753738.3	414
1482753857.6	414
1482753977.76	414
1482754097.58	414
1482754219.05	415
1482754344.8	417
1482754469.67	417
1482754596.03	417
1482754721.98	417
1482754844.61	417
1482754967.33	420
1482755089.97	420
1482755212.54	421
1482755334.09	421
1482755456.57	423
1482755583.49	424
1482755708.15	424
1482755829.04	426
1482755948.72	426
1482756067.52	426
1482756190.5	417
1482756314.22	417
1482756438.35	418
1482756563.52	418
1482756688.93	419
1482756811.28	419
1482756935.03	419
1482757058.18	419
1482757181.2	419
1482757304.03	423
1482757427.02	423
1482757548.52	423
1482757669.72	423
1482757790.84	423
1482757912.19	423
1482758035.72	413
1482758159.36	413
1482758283.76	413
1482758407.85	413
1482758531.55	416
1482758654.86	416
1482758781.96	417
1482758904.95	417
1482759027.95	419
1482759152.65	419
1482759276.04	421
1482759397.91	421
1482759519.26	422
1482759640.89	422
1482759762.4	422
1482759890.22	424
1482760017.56	416
1482760144.66	423
1482760270.58	423
1482760394.27	423
1482760520.16	423
1482760644.39	423
1482760767.41	423
1482760890.77	424
1482761017.86	424
1482761140.57	424
1482761266.04	425
1482761389.0	426
1482761511.45	426
1482761633.41	428
1482761755.53	429
1482761879.38	423
1482762004.98	423
1482762133.34	423
1482762259.12	423
1482762383.7	424
1482762507.25	424
1482762629.99	425
1482762752.22	426
1482762876.06	426
1482762999.43	426
1482763123.42	429
1482763245.11	430
1482763367.48	430
1482763491.29	432
1482763619.1	432
1482763748.14	433
1482763877.41	434
1482764007.86	434
1482764140.04	425
1482764273.27	425
1482764408.08	430
1482764539.48	430
1482764670.01	430
1482764800.36	431
1482764932.26	432
1482765061.74	432
1482765191.56	432
1482765320.84	435
1482765448.43	435
1482765574.31	435
1482765701.03	435
1482765831.88	438
1482765958.33	438
1482766088.87	425
1482766220.15	425
1482766355.39	427
1482766496.07	427
1482766625.64	429
1482766759.58	430
1482766891.96	432
1482767022.81	434
1482767151.24	434
1482767279.97	435
1482767408.94	435
1482767536.84	435
1482769980.74	430
1482770177.34	435
1482770372.87	435
1482770533.09	435
1482770696.71	435
1482770852.63	435
1482771004.23	435
1482771164.81	435
1482771331.92	435
1482771490.3	407
1482771617.29	409
1482771743.73	409
1482771870.53	409
1482772001.77	411
1482772129.1	412
1482772255.5	413
1482772380.0	416
1482772554.66	416
1482772699.19	416
1482772873.63	417
1482773001.97	417
1482773129.18	417
1482773255.63	419
1482773384.45	421
1482773516.69	422
1482773648.96	415
1482773780.36	416
1482773910.81	416
1482774041.34	419
1482774173.61	419
1482774300.99	419
1482774428.95	419
1482774557.5	419
1482774684.28	419
1482774811.36	420
1482774938.45	420
1482775064.08	420
1482775188.67	424
1482775322.63	424
1482775446.59	425
1482775570.62	426
1482775695.65	426
1482775827.6	409
1482775955.88	411
1482776085.53	413
1482776212.85	413
1482776341.63	420
1482776473.22	420
1482776600.87	420
1482776731.19	420
1482776862.59	421
1482776990.3	421
1482777117.04	422
1482777243.32	422
1482777369.65	422
1482777496.11	423
1482777622.6	424
1482777748.23	428
1482777878.85	415
1482778008.33	418
1482778137.84	418
1482778266.75	419
1482778397.84	419
1482778526.13	422
1482778654.23	424
1482778784.33	424
1482778913.41	425
1482779042.79	425
1482779171.87	425
1482779298.59	427
1482779424.35	427
1482779551.58	427
1482779678.12	428
1482779804.71	431
1482779930.83	431
1482780058.13	416
1482780185.92	416
1482780313.16	416
1482780442.79	416
1482780573.48	416
1482780701.79	416
1482780833.67	418
1482780963.44	418
1482781092.74	418
1482781222.24	418
1482781363.15	420
1482781519.97	420
1482781660.96	422
1482781801.84	422
1482781939.1	424
1482782073.31	424
1482782210.29	425
1482782352.97	417
1482782490.02	417
1482782628.0	417
1482782762.45	417
1482782896.76	421
1482783027.01	421
1482783169.51	421
1482783296.61	421
1482783424.75	423
1482783551.04	423
1482783676.39	423
1482783802.75	423
1482783927.55	423
1482784053.96	423
1482784178.93	424
1482784304.06	424
1482784431.56	415
1482784560.96	415
1482784690.74	417
1482784819.93	417
1482784948.35	419
1482785076.2	420
1482785205.61	422
1482785334.22	422
1482785462.74	423
1482785591.65	423
1482785719.39	423
1482785847.89	424
1482785974.34	424
1482786099.18	425
1482786225.42	427
1482786353.44	423
1482786484.35	423
1482786615.61	424
1482786745.19	424
1482786874.19	425
1482787002.37	425
1482787130.67	427
1482787259.43	427
1482787389.0	428
1482787525.79	428
1482787658.69	428
1482787789.27	428
1482787918.96	428
1482788047.32	428
1482788177.89	429
1482788305.92	431
1482788445.68	417
1482788577.47	418
1482788722.35	420
1482788852.94	420
1482788984.65	421
1482789113.06	421
1482789241.93	422
1482789371.9	422
1482789500.41	422
1482789628.3	422
1482789755.22	427
1482789882.56	427
1482790008.49	427
1482790135.0	428
1482790260.74	428
1482790386.93	428
1482790516.62	429
1482790643.72	429
1482790771.47	409
1482790900.63	412
1482791028.46	412
1482791154.68	414
1482791281.07	417
1482791407.39	417
1482791532.53	420
1482791658.49	420
1482791784.16	420
1482791909.1	420
1482792034.39	422
1482792158.95	422
1482792283.98	424
1482792409.03	424
1482792534.92	425
1482792660.26	425
1482792786.17	409
1482792913.57	409
1482793039.86	409
1482793168.85	409
1482793295.29	409
1482793420.93	410
1482793547.24	411
1482793675.23	412
1482793804.5	412
1482793930.83	412
1482794057.4	413
1482794182.21	413
1482794307.37	413
1482794432.23	413
1482794559.43	414
1482794683.83	415
1482794817.61	404
1482794945.02	405
1482795074.66	405
1482795201.56	405
1482795328.08	405
1482795454.86	407
1482795581.5	407
1482795707.86	407
1482795833.15	410
1482795963.09	410
1482796090.42	410
1482796217.47	410
1482796346.52	412
1482796471.57	412
1482796600.79	414
1482796726.69	414
1482796854.68	414
1482796989.49	381
1482797119.7	381
1482797245.06	381
1482797371.67	381
1482797496.2	382
1482797621.23	383
1482797746.71	383
1482797870.94	384
1482797996.34	385
1482798122.08	385
1482798247.41	385
1482798372.13	386
1482798495.76	386
1482798619.76	389
1482798743.49	389
1482798868.24	392
1482799004.21	380
1482799135.06	382
1482799261.84	382
1482799389.78	384
1482799516.12	384
1482799643.71	386
1482799769.9	386
1482799897.14	391
1482800023.83	391
1482800151.62	391
1482800278.6	392
1482800406.87	392
1482800531.94	392
1482800657.67	392
1482800784.93	394
1482800913.13	376
1482801040.85	376
1482801171.03	378
1482801298.38	378
1482801427.56	379
1482801555.19	381
1482801682.55	381
1482801809.81	381
1482801939.0	381
1482802066.96	385
1482802193.11	385
1482802318.07	385
1482802442.67	386
1482802566.51	389
1482802690.64	389
1482802816.17	379
1482802942.68	379
1482803069.58	380
1482803195.67	380
1482803324.79	380
1482803449.06	381
1482803573.04	382
1482803697.13	382
1482803821.4	383
1482803946.46	383
1482804071.11	383
1482804195.93	385
1482804319.92	385
1482804443.98	386
1482804567.11	386
1482804695.23	389
1482804825.84	381
1482804953.72	382
1482805080.79	382
1482805206.66	382
1482805332.47	382
1482805460.54	384
1482805586.44	384
1482805715.31	385
1482805845.38	385
1482805977.66	386
1482806102.48	388
1482806227.62	390
1482806353.91	390
1482806478.96	390
1482806604.67	392
1482806735.35	375
1482806863.97	375
1482806992.81	375
1482807119.97	375
1482807246.06	376
1482807371.75	376
1482807498.14	376
1482807624.68	376
1482807751.2	376
1482807876.69	376
1482808002.89	376
1482808129.45	376
1482808254.66	376
1482808379.92	376
1482808504.56	377
1482808629.17	382
1482808753.35	382
1482808880.15	368
1482809013.86	368
1482809143.3	368
1482809270.64	368
1482809396.66	370
1482809524.58	373
1482809651.93	373
1482809779.24	375
1482809906.0	376
1482810033.39	378
1482810160.2	378
1482810317.94	378
1482810397.99	378
1482810476.24	380
1482810554.74	380
1482810632.37	380
1482810710.12	383
1482810793.32	376
1482810873.44	376
1482810953.23	379
1482811032.7	379
1482811111.93	379
1482811191.39	379
1482811270.54	379
1482811349.3	379
1482811428.94	379
1482811508.12	381
1482811586.4	381
1482811665.95	381
1482811746.49	383
1482811825.44	383
1482811904.7	384
1482811984.84	384
1482812065.74	384
1482812159.35	385
1482812241.75	386
1482812318.35	386
1482812394.69	386
1482812471.79	389
1482812548.97	389
1482812626.13	393
1482812704.32	394
1482812785.6	383
1482812869.87	383
1482812950.71	384
1482813032.81	384
1482813112.55	384
1482813192.58	385
1482813270.3	385
1482813348.99	385
1482813429.94	386
1482813509.5	386
1482813589.01	386
1482813667.16	386
1482813746.79	386
1482813825.12	386
1482813903.99	387
1482813982.01	387
1482814060.94	387
1482814138.0	387
1482814219.32	387
1482814295.31	387
1482814372.01	387
1482814447.92	387
1482814524.11	387
1482814600.82	388
1482814684.24	372
1482814762.27	372
1482814840.91	372
1482814920.32	372
1482814998.92	372
1482815077.95	372
1482815155.96	375
1482815234.13	375
1482815311.97	376
1482815389.61	376
1482815467.32	376
1482815545.34	377
1482815622.87	378
1482815699.94	378
1482815777.68	379
1482815855.27	379
1482815933.49	379
1482816012.69	379
1482816091.21	379
1482816168.23	379
1482816246.09	380
1482816322.63	384
1482816398.87	384
1482816474.68	386
1482816553.11	366
1482816634.25	366
1482816721.45	366
1482816802.2	366
1482816882.07	366
1482816961.89	366
1482817041.61	366
1482817122.43	368
1482817201.55	368
1482817281.26	368
1482817360.96	369
1482817440.71	369
1482817519.24	370
1482817596.55	370
1482817673.82	370
1482817752.2	370
1482817829.82	370
1482817905.96	370
1482817981.05	370
1482818055.58	370
1482818130.31	370
1482818204.35	370
1482818279.07	372
1482818353.83	372
1482818431.58	372
1482818509.7	372
1482818587.65	372
1482818670.51	359
1482818752.07	359
1482818833.86	359
1482818915.54	359
1482818997.12	359
1482819074.6	359
1482819151.43	363
1482819228.16	363
1482819305.48	365
1482819385.0	365
1482819462.0	365
1482819538.78	366
1482819615.45	366
1482819692.2	366
1482819769.07	367
1482819846.23	367
1482819923.45	367
1482819999.07	368
1482820077.73	368
1482820153.51	368
1482820228.99	368
1482820305.92	375
1482820380.93	375
1482820472.13	375
1482820550.81	376
1482820634.01	363
1482820714.96	363
1482820796.53	363
1482820874.78	364
1482820953.26	364
1482821031.29	364
1482821109.85	366
1482821185.39	366
1482821262.09	366
1482821338.81	366
1482821416.65	366
1482821493.61	366
1482821571.33	367
1482821648.51	367
1482821725.8	367
1482821803.44	367
1482821880.18	367
1482821955.62	368
1482822031.04	368
1482822105.06	368
1482822178.45	368
1482822252.15	369
1482822326.81	369
1482822400.54	369
1482822474.02	371
1482822553.52	362
1482822631.53	362
1482822710.02	362
1482822787.95	363
1482822866.3	363
1482822941.93	363
1482823016.9	363
1482823092.96	363
1482823169.55	363
1482823245.92	364
1482823322.55	364
1482823397.27	364
1482823472.42	366
1482823547.7	366
1482823623.45	367
1482823698.68	367
1482823774.33	367
1482823849.25	369
1482823928.24	369
1482824002.41	369
1482824075.59	369
1482824149.06	370
1482824222.17	370
1482824294.02	370
1482824366.18	370
1482824441.21	370
1482824513.67	370
1482824586.11	372
1482824658.98	372
1482824731.21	372
1482824803.62	372
1482824882.0	359
1482824962.73	359
1482825044.79	359
1482825126.44	360
1482825206.7	361
1482825285.1	361
1482825362.03	361
1482825438.21	361
1482825514.46	361
1482825590.24	361
1482825667.1	361
1482825743.53	361
1482825820.6	361
1482825896.39	363
1482825972.85	363
1482826049.41	364
1482826129.34	364
1482826204.86	364
1482826284.49	366
1482826360.53	366
1482826433.78	366
1482826507.84	368
1482826581.81	368
1482826654.54	368
1482826726.88	370
1482826800.2	370
1482826875.54	370
1482826950.98	371
1482827025.1	372
1482827097.76	372
1482827171.58	373
1482827248.46	374
1482827326.1	355
1482827403.96	355
1482827480.32	358
1482827557.7	358
1482827634.77	358
1482827713.34	358
1482827789.2	358
1482827867.2	358
1482827945.22	359
1482828021.41	359
1482828096.5	359
1482828174.31	359
1482828250.94	360
1482828330.26	360
1482828406.53	360
1482828481.95	360
1482828558.06	360
1482828633.01	360
1482828709.2	362
1482828784.01	362
1482828858.62	362
1482828937.4	362
1482829011.39	362
1482829089.74	362
1482829163.82	367
1482829246.84	360
1482829325.02	360
1482829402.46	361
1482829484.27	361
1482829561.96	361
1482829641.06	361
1482829716.98	362
1482829793.46	362
1482829869.84	362
1482829946.96	364
1482830022.84	364
1482830100.11	365
1482830176.5	365
1482830254.85	365
1482830332.73	365
1482830409.92	365
1482830486.08	365
1482830561.01	366
1482830635.3	366
1482830710.92	366
1482830789.0	366
1482830863.42	370
1482830942.69	370
1482831017.28	370
1482831094.86	371
1482831172.65	371
1482831253.17	360
1482831336.61	360
1482831418.52	360
1482831498.01	361
1482831575.68	361
1482831662.01	361
1482831738.99	365
1482831817.02	365
1482831894.59	367
1482831971.57	367
1482832048.74	367
1482832128.41	368
1482832208.93	369
1482832285.51	369
1482832364.32	371
1482832443.46	371
1482832520.93	371
1482832598.25	373
1482832675.09	373
1482832752.18	373
1482832828.98	374
1482832911.3	375
1482832988.85	375
1482833065.55	379
1482833142.08	380
1482833224.01	379
1482833304.85	379
1482833385.15	380
1482833466.29	380
1482833557.71	380
1482833638.24	380
1482833730.5	381
1482833814.87	381
1482833894.02	384
1482833973.16	384
1482834051.68	384
1482834137.6	384
1482834218.19	387
1482834299.97	387
1482834380.65	387
1482834459.51	388
1482834537.68	389
1482834617.46	389
1482834700.14	389
1482834778.8	389
1482834855.88	389
1482834933.34	390
1482835013.83	391
1482835093.97	391
1482835171.99	391
1482835252.05	393
1482835333.45	373
1482835416.33	373
1482835498.81	374
1482835580.95	374
1482835660.44	374
1482835737.55	374
1482835815.37	374
1482835893.09	376
1482835978.25	377
1482836055.51	377
1482836134.88	377
1482836220.03	378
1482836298.1	378
1482836376.52	378
1482836455.07	378
1482836533.08	378
1482836610.93	378
1482836687.52	379
1482836764.25	379
1482836841.34	379
1482836918.72	380
1482836996.0	380
1482837072.18	380
1482837149.14	380
1482837227.69	373
1482837305.75	373
1482837384.23	373
1482837461.24	373
1482837538.79	373
1482837616.88	373
1482837699.11	377
1482837775.94	377
1482837855.84	377
1482837934.1	377
1482838014.39	377
1482838092.36	379
1482838171.0	380
1482838249.47	380
1482838337.29	380
1482838415.45	381
1482838493.64	381
1482838571.97	384
1482838649.11	384
1482838725.9	384
1482838804.84	384
1482838881.37	387
1482838957.42	387
1482839033.84	387
1482839111.29	387
1482839191.14	387
1482839272.58	373
1482839353.09	373
1482839436.71	373
1482839517.32	375
1482839603.05	375
1482839681.65	375
1482839760.49	375
1482839839.51	375
1482839918.52	377
1482839999.36	380
1482840104.21	380
1482840184.68	380
1482840266.24	380
1482840358.73	380
1482840439.4	380
1482840519.13	383
1482840602.58	383
1482840680.88	383
1482840759.0	383
1482840842.81	383
1482840920.35	384
1482841003.68	385
1482841085.36	385
1482841163.55	385
1482841243.0	389
1482841323.24	389
1482841403.22	394
1482841484.75	395
1482841567.73	387
1482841649.0	387
1482841730.65	390
1482841812.75	390
1482841896.01	390
1482841977.53	390
1482842057.88	390
1482842144.7	392
1482842228.85	392
1482842308.75	392
1482842391.09	392
1482842477.93	394
1482842559.06	394
1482842640.74	394
1482842721.07	394
1482842801.78	394
1482842883.36	396
1482842963.06	396
1482843046.91	396
1482843134.07	396
1482843212.77	397
1482843293.21	397
1482843371.97	397
1482843454.38	388
1482843541.8	388
1482843625.33	388
1482843710.03	390
1482843792.9	390
1482843873.79	390
1482843952.57	392
1482844030.69	392
1482844109.13	392
1482844189.87	392
1482844269.84	395
1482844350.78	395
1482844431.41	397
1482844511.59	397
1482844593.74	397
1482844673.64	397
1482844753.3	397
1482844831.58	397
1482844910.95	397
1482844989.99	397
1482845068.41	397
1482845147.75	397
1482845226.37	398
1482845304.66	399
1482845382.15	399
1482845465.97	399
1482845553.92	406
1482845640.45	391
1482845729.62	391
1482845829.02	392
1482845914.49	392
1482846007.14	394
1482846090.54	394
1482846173.01	394
1482846259.15	395
1482846342.06	395
1482846424.01	397
1482846506.58	398
1482846592.11	398
1482846674.74	398
1482846758.06	399
1482846839.82	399
1482846923.77	399
1482847005.32	399
1482847087.32	399
1482847169.24	399
1482847250.48	399
1482847331.72	402
1482847412.05	402
1482847492.0	402
1482847571.26	402
1482847650.54	405
1482847734.02	405
1482847814.81	405
1482847894.33	405
1482847977.84	405
1482848064.49	388
1482848150.43	388
1482848236.1	391
1482848321.41	391
1482848404.61	391
1482848488.09	393
1482848571.05	393
1482848653.86	394
1482848737.85	396
1482848819.8	396
1482848902.23	399
1482848984.87	399
1482849086.47	399
1482849168.47	399
1482849260.85	399
1482849346.09	401
1482849435.47	401
1482849532.3	401
1482849621.93	401
1482849743.21	401
1482849826.86	401
1482849908.85	401
1482849991.58	402
1482850085.56	388
1482850172.76	388
1482850263.55	388
1482850351.28	392
1482850442.99	392
1482850532.14	394
1482850617.88	394
1482850702.39	394
1482850787.74	396
1482850872.36	396
1482850959.49	396
1482851045.29	400
1482851132.75	400
1482851219.14	401
1482851302.94	401
1482851387.49	401
1482851468.59	401
1482851550.29	401
1482851632.18	401
1482851713.78	403
1482851800.4	403
1482851881.86	403
1482851965.47	403
1482852047.82	406
1482852143.32	394
1482852227.67	394
1482852311.77	396
1482852396.43	396
1482852480.06	396
1482852562.57	397
1482852644.52	397
1482852740.31	399
1482852826.2	400
1482852909.05	400
1482852992.2	400
1482853082.45	400
1482853169.04	400
1482853251.75	401
1482853338.54	401
1482853422.32	401
1482853504.9	402
1482853590.31	403
1482853675.18	403
1482853756.17	403
1482853836.78	403
1482853918.3	403
1482854010.97	406
1482854097.45	402
1482854184.88	402
1482854270.77	403
1482854356.05	403
1482854442.49	404
1482854527.16	404
1482854611.52	406
1482854698.4	406
1482854782.19	407
1482854865.83	409
1482854950.59	409
1482855039.35	409
1482855122.64	410
1482855206.81	410
1482855290.56	410
1482855374.31	410
1482855458.21	412
1482855542.33	412
1482855633.26	412
1482855716.63	412
1482855802.59	413
1482855885.62	413
1482855968.18	416
1482856054.62	416
1482856139.6	410
1482856225.95	410
1482856315.96	412
1482856403.59	412
1482856489.96	412
1482856578.96	412
1482856665.12	417
1482856750.28	417
1482856836.18	417
1482856922.24	417
1482857007.02	418
1482857092.15	419
1482857176.12	419
1482857260.97	419
1482857348.6	420
1482857433.51	420
1482857519.15	422
1482857607.88	422
1482857692.4	422
1482857778.79	424
1482857877.62	424
1482857961.33	424
1482858046.75	424
1482858137.9	409
1482858224.46	409
1482858311.3	410
1482858399.02	412
1482858483.23	412
1482858571.66	418
1482858656.29	418
1482858740.96	418
1482858828.41	421
1482858915.99	421
1482859002.08	423
1482859090.97	425
1482859176.61	425
1482859263.29	425
1482859349.39	427
1482859434.59	427
1482859519.76	427
1482859604.91	427
1482859689.35	427
1482859772.42	427
1482859856.58	429
1482859946.16	430
1482860031.76	430
1482860119.0	435
1482860206.04	437
1482860297.67	423
1482860391.28	423
1482860480.34	423
1482860575.84	423
1482860664.06	423
1482860750.54	423
1482860847.75	427
1482860941.52	427
1482861031.17	427
1482861122.57	427
1482861210.01	427
1482861297.64	430
1482861384.85	430
1482861478.17	430
1482861568.15	431
1482861657.33	431
1482861745.66	431
1482861832.24	431
1482861917.42	431
1482862001.62	431
1482862091.91	434
1482862184.11	434
1482862228.85	434
1482862387.92	436
1482862544.25	436
1482862701.53	436
1482862863.47	418
1482863018.97	418
1482863172.61	418
1482863324.96	419
1482863476.59	422
1482863629.93	422
1482863781.8	423
1482863933.47	423
1482864084.88	424
1482864242.35	425
1482864394.36	425
1482864548.36	429
1482864710.22	430
1482864873.92	430
1482865036.67	430
1482865204.73	430
1482865366.09	431
1482865528.93	409
1482865716.39	411
1482865962.98	412
1482866227.75	414
1482866674.01	415
1482866952.92	417
1482867385.86	419
1482867643.94	420
1482867801.9	421
1482867946.19	421
1482868090.18	423
1482868234.01	423
1482868379.81	425
1482868530.72	425
1482868679.78	425
1482868838.76	397
1482868989.45	398
1482869139.89	400
1482869290.92	400
1482869441.6	400
1482869590.69	402
1482869741.12	402
1482869891.99	405
1482870042.37	405
1482870191.27	405
1482870338.53	406
1482870485.97	406
1482870634.47	409
1482870782.99	409
1482870935.35	403
1482871087.96	403
1482871240.18	403
1482871391.87	405
1482871542.93	405
1482871693.29	405
1482871843.32	410
1482871993.61	410
1482872143.1	411
1482872291.25	411
1482872439.27	411
1482872587.42	414
1482872734.58	415
1482872885.16	408
1482873037.23	409
1482873188.68	409
1482873339.5	409
1482873488.92	411
1482873640.57	413
1482873792.84	413
1482873943.8	414
1482874105.23	414
1482874254.37	416
1482874418.62	416
1482874567.37	417
1482874716.8	419
1482874867.38	419
1482875029.22	403
1482875181.56	404
1482875332.8	404
1482875482.43	404
1482875632.38	405
1482875781.95	406
1482875931.46	406
1482876080.37	407
1482876229.82	410
1482876380.13	410
1482876529.77	411
1482876678.54	412
1482876825.2	412
1482876976.25	400
1482877129.57	401
1482877280.54	402
1482877431.07	402
1482877580.83	403
1482877730.09	403
1482877879.24	403
1482878027.34	403
1482878175.78	405
1482878322.97	405
1482878474.04	406
1482878622.75	407
1482878769.32	409
1482878916.61	411
1482879067.46	398
1482879218.24	399
1482879367.84	399
1482879519.05	402
1482879670.78	402
1482879822.99	402
1482879976.83	404
1482880130.35	404
1482880280.58	405
1482880427.96	405
1482880574.37	405
1482880720.68	407
1482880867.32	407
1482881016.73	398
1482881167.02	398
1482881316.55	398
1482881468.0	399
1482881616.18	399
1482881764.9	399
1482881914.42	400
1482882062.92	400
1482882210.82	400
1482882356.54	401
1482882504.98	401
1482882650.79	403
1482882795.86	404
1482882944.52	399
1482883096.41	400
1482883249.39	400
1482883400.24	400
1482883550.57	400
1482883700.22	402
1482883849.69	403
1482884000.16	404
1482884150.13	404
1482884296.45	405
1482884443.26	405
1482884589.48	405
1482884735.34	405
1482884883.89	394
1482885037.25	395
1482885189.29	395
1482885339.17	395
1482885487.31	397
1482885636.56	397
1482885786.57	399
1482885936.71	400
1482886087.07	400
1482886236.69	400
1482886389.34	402
1482886537.51	405
1482886686.17	406
1482886837.67	407
1482886988.3	397
1482887140.44	402
1482887294.8	402
1482887447.39	403
1482887603.1	406
1482887756.97	407
1482887909.38	409
1482888061.36	409
1482888212.49	410
1482888364.41	412
1482888515.24	414
1482888665.97	414
1482888822.13	400
1482888980.06	401
1482889136.55	401
1482889290.83	401
1482889442.0	401
1482889593.63	403
1482889745.04	403
1482889897.26	403
1482890048.64	403
1482890197.92	404
1482890347.22	404
1482890495.57	405
1482890652.32	407
1482890801.69	407
1482890959.94	410
1482891110.09	411
1482891266.35	394
1482891426.49	395
1482891582.06	398
1482891736.77	398
1482891889.94	399
1482892042.51	400
1482892198.28	400
1482892354.46	403
1482892505.53	403
1482892655.33	406
1482892806.38	406
1482892956.4	409
1482893106.08	410
1482893258.08	395
1482893411.6	395
1482893564.79	400
1482893715.48	401
1482893866.07	401
1482894016.22	401
1482894166.85	402
1482894318.11	402
1482894467.33	403
1482894615.73	404
1482894766.43	404
1482894915.0	407
1482895068.65	407
1482895225.82	386
1482895384.36	389
1482895537.84	390
1482895688.92	390
1482895838.87	391
1482895987.5	391
1482896137.83	394
1482896289.39	394
1482896438.82	394
1482896585.88	395
1482896732.77	395
1482896881.28	396
1482897028.62	397
1482897178.22	387
1482897327.84	390
1482897477.81	393
1482897626.29	394
1482897774.43	394
1482897924.15	397
1482898071.69	397
1482898219.93	397
1482898366.94	397
1482898518.31	397
1482898664.58	397
1482898809.86	398
1482898955.34	398
1482899109.68	395
1482899258.19	395
1482899416.95	395
1482899563.7	395
1482899709.97	401
1482899855.88	402
1482900001.9	403
1482900149.64	404
1482900295.34	405
1482900441.27	405
1482900585.61	405
1482900730.34	405
1482900876.97	406
1482901021.54	406
1482901170.37	396
1482901318.43	398
1482901473.37	398
1482901621.29	399
1482901769.3	399
1482901916.74	399
1482902064.52	399
1482902214.19	403
1482902362.37	403
1482902509.62	403
1482902654.65	406
1482902800.4	406
1482902945.61	406
1482903091.04	408
1482903237.08	408
1482903385.22	409
1482903537.65	391
1482903688.12	394
1482903838.32	394
1482903986.1	395
1482904133.91	400
1482904281.27	400
1482904428.74	402
1482904576.19	402
1482904722.95	402
1482904869.98	403
1482905016.3	403
1482905171.52	405
1482905317.39	405
1482905464.94	402
1482905614.74	402
1482905767.95	404
1482905913.32	404
1482906061.46	404
1482906211.88	404
1482906358.46	405
1482906509.92	405
1482906664.56	406
1482906813.12	406
1482906958.98	408
1482907104.38	408
1482907249.74	411
1482907399.79	416
1482907550.33	407
1482907703.27	413
1482907852.44	413
1482908001.93	414
1482908152.65	416
1482908309.64	416
1482908458.88	416
1482908607.71	418
1482908757.54	418
1482908907.18	418
1482909059.19	418
1482909209.79	418
1482909360.64	419
1482909511.39	398
1482909669.03	398
1483191650.01	447
1483191831.82	450
1483192015.61	450
1483192199.19	450
1483192394.26	434
1483192587.93	437
1483192772.5	438
1483192958.13	439
1483193147.89	440
1483193334.68	443
1483193519.69	444
1483193702.9	445
1483193889.42	445
1483194073.22	447
1483194254.65	447
1483194436.26	447
1483194618.09	447
1483194799.75	448
1483194982.16	449
1483195170.3	430
1483195359.07	431
1483195548.17	431
1483195732.79	435
1483195915.1	435
1483196103.99	435
1483196287.3	435
1483196474.35	437
1483196659.08	438
1483196846.95	438
1483197028.21	439
1483197210.17	439
1483197392.46	441
1483197583.56	441
1483197775.48	430
1483197970.33	433
1483198158.33	435
1483198344.6	438
1483198530.67	438
1483198717.72	441
1483198904.3	441
1483199089.39	444
1483199275.61	447
1483199460.21	447
1483199642.45	451
1483199826.59	451
1483200010.37	453
1483200208.14	453
1483200406.16	434
1483200595.5	435
1483200787.95	436
1483200972.82	436
1483201160.15	436
1483201345.39	436
1483201529.04	437
1483201720.15	437
1483201903.42	438
1483202088.07	442
1483202276.39	442
1483202466.38	444
1483202652.63	447
1483202845.19	435
1483203037.11	436
1483203226.76	436
1483203414.28	436
1483203603.66	437
1483203794.91	437
1483204014.37	440
1483204209.58	440
1483204398.86	441
1483204581.94	441
1483204771.25	441
1483204957.72	441
1483205143.79	441
1483205332.83	442
1483205517.66	442
1483205707.28	425
1483205895.5	427
1483206084.5	427
1483206273.89	429
1483206462.46	429
1483206649.75	434
1483206839.65	435
1483207026.33	437
1483207210.76	437
1483207398.36	439
1483207585.75	439
1483207771.7	443
1483207957.75	446
1483208147.38	446
1483208335.08	429
1483208527.89	430
1483208719.38	430
1483208911.64	430
1483209101.02	431
1483209294.3	431
1483209485.36	431
1483209675.88	433
1483209864.45	433
1483210052.75	435
1483210239.29	435
1483210430.04	435
1483210617.62	422
1483210808.61	422
1483211003.44	423
1483211193.34	425
1483211389.97	425
1483211580.39	426
1483211772.34	427
1483211961.62	429
1483212151.57	429
1483212342.13	430
1483212533.57	430
1483212723.14	431
1483212911.33	432
1483213105.81	410
1483213299.12	411
1483213489.25	412
1483213677.19	414
1483213864.22	414
1483214052.4	415
1483214239.95	416
1483214426.08	416
1483214611.11	418
1483214794.57	418
1483214977.65	418
1483215162.33	419
1483215348.83	420
1483215538.9	411
1483215732.06	415
1483215923.56	417
1483216112.04	419
1483216307.23	421
1483216494.72	422
1483216682.73	422
1483216867.26	423
1483217049.41	423
1483217231.16	425
1483217412.37	428
1483217595.23	429
1483217781.88	416
1483217968.01	416
1483218153.78	416
1483218338.89	418
1483218525.23	418
1483218708.84	419
1483218893.5	419
1483219076.23	420
1483219256.86	420
1483219437.05	422
1483219615.22	425
1483219798.69	425
1483219990.27	414
1483220180.25	414
1483220369.39	415
1483220554.64	417
1483220739.84	417
1483220924.98	417
1483221109.76	417
1483221290.61	417
1483221469.53	417
1483221648.28	419
1483221827.95	419
1483222010.12	419
1483222193.24	409
1483222375.71	411
1483222558.65	411
1483222739.78	412
1483222921.26	412
1483223099.77	413
1483223279.82	414
1483223457.89	416
1483223635.77	416
1483223811.57	416
1483223987.52	416
1483224164.84	417
1483224341.89	417
1483224520.95	398
1483224702.14	398
1483224882.93	398
1483225061.43	398
1483225240.37	399
1483225424.42	399
1483225609.79	399
1483225789.74	399
1483225963.82	399
1483226134.77	400
1483226301.64	401
1483226467.85	401
1483226636.39	401
1483226807.79	396
1483226985.08	397
1483227169.96	397
1483227344.89	398
1483227516.88	399
1483227686.72	399
1483227861.8	399
1483228029.71	399
1483228196.3	399
1483228364.68	399
1483228530.15	399
1483228696.5	399
1483228867.22	400
1483229040.17	385
1483229211.07	385
1483229380.38	385
1483229550.87	385
1483229724.91	386
1483229900.38	386
1483230070.83	386
1483230240.38	386
1483230405.06	387
1483230572.26	389
1483230739.4	389
1483230901.49	389
1483231064.5	389
1483231234.34	372
1483231402.79	372
1483231572.61	372
1483231739.24	377
1483231904.91	377
1483232070.75	380
1483232236.04	381
1483232400.82	381
1483232563.79	381
1483232726.27	381
1483232889.22	381
1483233051.18	381
1483233212.51	383
1483233372.74	383
1483233533.37	383
1483233693.91	383
1483233856.22	365
1483234020.74	367
1483234184.54	368
1483234348.46	368
1483234511.27	369
1483234680.94	370
1483234851.22	371
1483235015.65	371
1483235179.72	374
1483235341.02	374
1483235502.01	374
1483235664.63	375
1483235825.48	375
1483235988.47	365
1483236156.69	365
1483236328.19	366
1483236493.14	367
1483236657.37	369
1483236824.18	369
1483236992.98	371
1483237156.2	371
1483237318.45	371
1483237481.53	371
1483237642.62	371
1483237803.92	371
1483237976.84	372
1483238137.32	372
1483238303.47	365
1483238473.65	366
1483238637.99	366
1483238803.49	367
1483238967.83	367
1483239131.01	367
1483239296.27	367
1483239459.41	367
1483239622.3	368
1483239784.93	368
1483239948.38	369
1483240108.99	369
1483240272.59	370
1483240436.44	370
1483240603.07	363
1483240772.09	365
1483240939.38	365
1483241104.61	367
1483241268.03	367
1483241431.43	367
1483241595.42	368
1483241759.48	368
1483241927.13	368
1483242091.28	370
1483242251.83	370
1483242412.99	372
1483242576.44	372
1483242747.92	358
1483242915.96	357
1483243082.57	359
1483243248.23	360
1483243412.51	362
1483243577.99	362
1483243742.79	362
1483243905.35	362
1483244072.73	364
1483244233.73	364
1483244402.9	366
1483244564.81	366
1483244725.79	366
1483244886.7	367
1483245050.73	358
1483245217.33	359
1483245388.65	359
1483245559.18	360
1483245724.87	360
1483245896.98	365
1483246057.92	365
1483246227.87	365
1483246389.53	367
1483246551.6	367
1483246711.74	368
1483246871.08	369
1483247029.95	369
1483247188.85	372
1483247356.32	360
1483247522.67	368
1483247694.95	368
1483247859.22	369
1483248023.41	369
1483248196.52	369
1483248363.1	370
1483248527.95	371
1483248691.57	371
1483248853.81	373
1483249015.33	373
1483249177.99	374
1483249340.72	374
1483249513.09	361
1483249678.88	365
1483249869.55	365
1483250034.93	365
1483250199.02	366
1483250371.14	367
1483250541.05	367
1483250704.53	367
1483250866.91	367
1483251027.99	367
1483251191.35	368
1483251351.21	369
1483251511.72	369
1483251671.67	370
1483251836.09	363
1483252004.47	366
1483252181.87	367
1483252354.51	368
1483252518.15	368
1483252689.58	370
1483252855.13	370
1483253022.69	370
1483253199.71	371
1483253365.33	371
1483253532.18	373
1483253692.24	374
1483253852.92	374
1483254014.84	374
1483254183.13	375
1483254348.66	375
1483254516.03	375
1483254682.98	376
1483254849.81	376
1483255015.13	376
1483255178.96	376
1483255345.21	376
1483255511.84	376
1483255674.24	376
1483255834.55	378
1483256018.52	378
1483256183.15	378
1483256346.5	378
1483256508.85	368
1483256673.77	368
1483256835.61	368
1483257002.58	368
1483257167.85	368
1483257340.51	369
1483257501.65	369
1483257662.14	370
1483257822.65	371
1483257984.76	373
1483258148.18	374
1483258308.88	374
1483258468.52	374
1483258636.43	364
1483258803.45	365
1483258969.85	366
1483259132.56	367
1483259297.84	367
1483259461.49	368
1483259622.98	369
1483259784.83	369
1483259945.93	369
1483260104.6	369
1483260263.59	369
1483260420.61	370
1483260578.45	370
1483260735.08	372
1483260896.31	360
1483261061.33	362
1483261227.76	362
1483261391.84	366
1483261554.51	366
1483261717.73	367
1483261882.61	369
1483262058.0	369
1483262226.23	370
1483262387.88	370
1483262548.37	371
1483262708.79	371
1483262867.37	372
1483263027.87	373
1483263192.95	364
1483263359.29	369
1483263525.42	369
1483263688.02	370
1483263850.86	370
1483264012.98	372
1483264176.03	373
1483264337.77	373
1483264499.32	374
1483264660.34	374
1483264819.13	375
1483264978.75	376
1483265138.03	377
1483265298.91	377
1483265466.43	368
1483265632.62	368
1483265797.83	368
1483265965.3	368
1483266128.52	368
1483266290.6	369
1483266451.55	370
1483266616.03	371
1483266776.08	371
1483266936.16	373
1483267093.63	373
1483267251.56	374
1483267409.97	375
1483267572.7	365
1483267745.13	366
1483267925.59	367
1483268099.63	367
1483268262.5	367
1483268428.1	367
1483268592.18	369
1483268756.19	369
1483268918.62	371
1483269082.88	371
1483269243.82	375
1483269427.93	376
1483269600.97	379
1483269779.23	379
1483269946.1	364
1483270118.97	364
1483270305.71	366
1483270479.33	366
1483270648.88	367
1483270817.01	368
1483270985.37	369
1483271154.97	370
1483271325.36	371
1483271490.8	371
1483271664.48	371
1483271832.69	374
1483272012.33	376
1483272180.21	376
1483272345.35	378
1483272526.38	371
1483272706.3	375
1483272875.38	375
1483273047.22	376
1483273217.73	376
1483273386.73	376
1483273552.7	376
1483273717.63	376
1483273880.55	376
1483274042.53	376
1483274203.62	376
1483274365.11	379
1483274526.83	379
1483274690.98	370
1483274858.4	370
1483275029.31	370
1483275198.93	370
1483275369.12	370
1483275537.21	370
1483275704.68	371
1483275871.52	371
1483276043.67	374
1483276207.75	374
1483276383.14	374
1483276548.41	374
1483276716.63	376
1483276882.2	376
1483277053.36	365
1483277236.1	368
1483277415.5	369
1483277593.73	370
1483277766.08	370
1483277935.0	373
1483278103.77	373
1483278270.74	375
1483278436.07	375
1483278600.58	376
1483278764.43	379
1483278929.72	380
1483279094.77	380
1483279258.01	382
1483279424.44	383
1483279591.05	384
1483279765.22	373
1483279939.91	373
1483280114.35	373
1483280285.66	378
1483280457.65	378
1483280628.64	379
1483280808.78	379
1483280978.46	380
1483281145.78	380
1483281315.36	383
1483281478.6	383
1483281642.29	387
1483281815.69	388
1483281981.82	391
1483282144.78	391
1483282310.07	397
1483282489.28	389
1483282660.72	390
1483282829.37	392
1483283002.0	392
1483283176.83	392
1483283345.28	395
1483283514.72	395
1483283682.91	396
1483283847.88	397
1483284011.8	400
1483284175.81	400
1483284348.53	402
1483284513.98	402
1483284692.95	402
1483284857.62	402
1483285025.79	404
1483285192.23	407
1483285357.83	407
1483285523.33	407
1483285697.95	395
1483285874.68	398
1483286047.37	398
1483286222.46	400
1483286398.43	401
1483286572.71	401
1483286749.08	401
1483286920.39	401
1483287090.23	402
1483287263.21	403
1483287431.74	404
1483287598.63	404
1483287765.41	405
1483287932.79	405
1483288110.4	400
1483288283.83	401
1483288454.34	401
1483288630.42	401
1483288810.65	401
1483288978.6	402
1483289148.32	402
1483289316.19	402
1483289489.03	402
1483289657.05	404
1483289823.48	404
1483289993.62	406
1483290164.47	407
1483290335.44	394
1483290507.17	395
1483290678.65	395
1483290856.03	396
1483291041.15	396
1483291208.7	398
1483291376.52	398
1483291544.41	399
1483291713.53	401
1483291882.53	401
1483292051.63	401
1483292219.43	401
1483292389.92	407
1483292556.55	407
1483292725.29	400
1483292901.51	402
1483293075.67	403
1483293247.88	404
1483293420.61	405
1483293597.11	406
1483293774.77	408
1483293946.25	408
1483294115.52	408
1483294286.52	408
1483294460.97	409
1483294628.91	412
1483294798.23	413
1483294965.75	416
1483295138.63	417
1483295321.71	405
1483295499.71	406
1483295674.65	406
1483295847.65	407
1483296021.36	407
1483296194.59	408
1483296367.36	409
1483296538.17	410
1483296709.09	411
1483296876.18	411
1483297046.38	412
1483297219.82	414
1483297391.26	416
1483297564.66	414
1483297742.82	417
1483297925.69	418
1483298105.59	420
1483298288.7	420
1483298467.24	421
1483298640.67	421
1483298811.18	421
1483298980.78	421
1483299158.05	422
1483299326.38	422
1483299495.47	425
1483299666.48	426
1483299839.77	415
1483300025.26	417
1483300208.89	417
1483300391.49	419
1483300571.02	419
1483300749.37	419
1483300928.08	421
1483301105.7	421
1483301283.23	421
1483301460.45	422
1483301643.73	423
1483301824.54	423
1483301996.79	423
1483302171.86	425
1483302346.82	414
1483302525.06	417
1483302702.54	417
1483302878.62	420
1483303059.94	420
1483303233.88	421
1483303407.66	423
1483303582.94	423
1483303754.78	423
1483303925.8	425
1483304095.89	425
1483304267.17	426
1483304438.72	427
1483304616.09	418
1483304795.14	420
1483304983.05	420
1483305163.0	422
1483305352.18	424
1483305535.75	425
1483305714.52	425
1483305890.47	425
1483306063.31	425
1483306235.61	426
1483306412.28	428
1483306591.71	428
1483306761.4	428
1483306937.28	410
1483307114.75	411
1483307296.51	412
1483307477.05	414
1483307656.66	414
1483307835.8	415
1483308018.81	415
1483308198.35	415
1483308381.54	415
1483308558.65	417
1483308737.98	419
1483308919.12	419
1483309102.46	419
1483309278.18	419
1483309454.23	421
1483309634.98	405
1483309819.99	406
1483310007.56	407
1483310199.97	409
1483310392.08	409
1483310571.1	410
1483310751.77	410
1483310932.21	411
1483311109.28	411
1483311285.21	411
1483311459.64	412
1483311633.87	413
1483311807.03	413
1483311982.26	413
1483312173.58	385
1483312364.93	387
1483312545.41	387
1483312724.44	387
1483312904.71	387
1483313079.98	390
1483313258.45	390
1483313433.94	390
1483313612.92	390
1483313784.05	392
1483313955.73	392
1483314127.42	393
1483314298.67	394
1483314477.17	378
1483314657.43	378
1483314837.11	378
1483315021.99	379
1483315206.78	379
1483315386.74	380
1483315566.23	380
1483315744.66	381
1483315928.96	381
1483316105.0	384
1483316279.2	384
1483316454.68	386
1483316633.54	386
1483316819.9	380
1483317008.63	383
1483317184.67	383
1483317362.17	387
1483317539.65	387
1483317716.3	388
1483317891.2	388
1483318065.99	388
1483318237.78	388
1483318409.32	390
1483318580.45	391
1483318751.68	392
1483318923.16	393
1483319095.05	395
1483319292.31	374
1483319493.27	374
1483319689.56	374
1483319891.08	376
1483320066.53	379
1483320247.58	379
1483320428.13	379
1483320611.33	379
1483320783.8	383
1483320960.87	384
1483321132.33	384
1483321306.19	384
1483321478.62	384
1483321654.19	365
1483321838.19	369
1483322018.42	371
1483322199.46	377
1483322377.17	377
1483322553.37	378
1483322730.71	379
1483322906.13	379
1483323085.17	379
1483323253.84	382
1483323423.57	385
1483323591.19	386
1483323758.69	386
1483323927.88	387
1483324103.71	374
1483324282.77	374
1483324460.3	375
1483324631.74	375
1483324805.27	375
1483324984.94	375
1483325161.63	375
1483325331.53	376
1483325501.47	376
1483325674.55	376
1483325844.66	376
1483326010.69	377
1483326181.0	364
1483326359.06	365
1483326535.39	365
1483326709.47	369
1483326881.19	369
1483327051.99	371
1483327224.24	371
1483327395.38	371
1483327563.61	375
1483327729.1	375
1483327899.14	380
1483328066.04	381
1483328231.15	382
1483328399.42	382
1483328574.1	370
1483328746.55	373
1483328925.86	374
1483329097.85	374
1483329279.48	377
1483329454.95	377
1483329624.41	379
1483329793.28	379
1483329961.26	379
1483330131.91	380
1483330300.17	380
1483330468.11	381
1483330636.96	382
1483330811.9	369
1483330990.92	369
1483331166.98	369
1483331338.62	371
1483331509.6	371
1483331678.17	372
1483331852.28	372
1483332025.04	374
1483332201.71	374
1483332370.5	375
1483332540.04	377
1483332703.73	380
1483332864.16	380
1483333023.69	380
1483333200.28	370
1483333379.99	371
1483333550.59	372
1483333713.81	373
1483333875.55	373
1483334035.89	376
1483334205.66	376
1483334363.02	377
1483334519.81	377
1483334674.59	378
1483334829.28	378
1483334982.96	380
1483335138.63	380
1483335297.13	381
1483335461.74	382
1483335641.37	370
1483335812.88	372
1483335978.01	373
1483336153.4	373
1483336322.42	375
1483336487.91	375
1483336656.39	375
1483336836.61	375
1483337011.38	375
1483337190.68	376
1483337355.37	376
1483337518.52	377
1483337686.34	377
1483337865.41	366
1483338046.06	369
1483338226.98	369
1483338402.87	370
1483338576.22	370
1483338749.27	371
1483338921.41	371
1483339091.84	372
1483339257.68	372
1483339421.39	374
1483339584.9	374
1483339757.42	377
1483339923.67	377
1483340088.19	369
1483340266.3	369
1483340449.91	369
1483340625.25	371
1483340792.05	371
1483340968.99	372
1483341149.87	373
1483341319.47	373
1483341483.98	373
1483341647.36	375
1483341810.61	377
1483341975.76	377
1483342146.98	378
1483342330.58	379
1483342506.21	369
1483342684.72	372
1483342869.65	372
1483343039.11	373
1483343209.38	377
1483343384.53	377
1483343552.83	378
1483343719.23	378
1483343884.74	378
1483344053.99	380
1483344230.0	380
1483344410.54	381
1483344573.81	381
1483344736.58	386
1483344904.12	386
1483345074.19	381
1483345247.33	383
1483345418.24	383
1483345586.51	386
1483345754.57	386
1483345921.37	389
1483346087.22	389
1483346256.86	390
1483346424.29	390
1483346589.96	392
1483346756.7	392
1483346920.76	392
1483347087.86	393
1483347252.33	394
1483347421.21	394
1483347606.74	384
1483347796.34	385
1483347980.7	387
1483348154.47	388
1483348324.97	388
1483348494.68	388
1483348664.42	391
1483348835.79	391
1483349001.31	391
1483349166.06	394
1483349334.84	394
1483349507.82	395
1483349676.08	396
1483349841.78	401
1483350009.0	401
1483350178.39	401
1483350353.91	385
1483350535.52	387
1483350718.41	391
1483350892.44	392
1483351067.51	394
1483351242.31	395
1483351426.62	395
1483351607.2	398
1483351774.55	398
1483351943.09	402
1483352109.62	402
1483352275.51	407
1483352442.68	407
1483352614.91	401
1483352793.78	401
1483352971.87	402
1483353146.9	402
1483353315.81	402
1483353486.93	403
1483353659.49	403
1483353830.45	403
1483353999.12	405
1483354167.36	405
1483354334.26	405
1483354500.41	407
1483354668.44	407
1483354836.59	408
1483355010.06	408
1483355194.21	397
1483355379.79	402
1483355556.69	402
1483355732.36	404
1483355905.54	404
1483356080.41	404
1483356273.43	406
1483356445.75	406
1483356615.18	406
1483356790.22	408
1483356956.52	408
1483357123.29	415
1483357290.03	415
1483357459.61	416
1483357633.41	416
1483357816.15	403
1483358003.28	406
1483358183.25	407
1483358367.21	410
1483358579.43	410
1483358758.63	410
1483358933.87	411
1483359106.53	413
1483359278.01	413
1483359450.4	414
1483359618.42	414
1483359787.0	416
1483359957.77	416
1483360129.31	418
1483360305.53	418
1483360484.78	400
1483360669.18	403
1483360846.67	404
1483361022.31	406
1483361199.34	408
1483361376.53	408
1483361562.46	409
1483361737.91	411
1483361910.5	411
1483362087.31	412
1483362268.69	412
1483362450.06	415
1483362627.04	419
1483362801.18	419
1483362975.69	419
1483363168.3	408
1483363348.21	411
1483363528.44	411
1483363706.22	412
1483363883.36	412
1483364060.45	414
1483364236.24	414
1483364410.45	415
1483364583.86	416
1483364755.69	416
1483364928.63	417
1483365102.38	418
1483365273.7	419
1483365446.42	419
1483365619.72	422
1483365813.32	408
1483366010.52	409
1483366189.57	410
1483366367.25	412
1483366544.2	412
1483366722.92	414
1483366900.08	414
1483367082.39	414
1483367257.42	415
1483367432.86	415
1483367606.45	417
1483367780.55	419
1483367958.04	419
1483368135.33	403
1483368317.22	408
1483368498.64	410
1483368679.01	410
1483368857.83	414
1483369037.2	414
1483369218.79	417
1483369410.62	417
1483369589.84	418
1483369765.7	422
1483369940.92	422
1483370115.61	423
1483370291.31	424
1483370467.66	426
1483370650.79	426
1483370836.26	414
1483371022.01	418
1483371205.7	418
1483371389.2	418
1483371574.13	418
1483371756.23	421
1483371950.08	421
1483372136.11	421
1483372313.99	425
1483372491.71	425
1483372670.89	426
1483372848.08	426
1483373025.85	428
1483373219.45	429
1483373402.72	413
1483373598.72	417
1483373783.62	417
1483373965.88	418
1483374160.23	418
1483374339.07	420
1483374524.0	421
1483374702.53	423
1483374879.69	423
1483375061.5	424
1483375238.06	424
1483375420.57	429
1483375598.0	429
1483375794.74	417
1483375982.3	419
1483376165.01	420
1483376347.0	422
1483376529.16	425
1483376707.13	425
1483376891.91	426
1483377076.61	427
1483377255.02	428
1483377436.14	428
1483377610.36	429
1483377784.81	429
1483377959.43	432
1483378132.67	432
1483378313.09	419
1483378494.19	422
1483378673.29	422
1483378849.9	423
1483379029.94	423
1483379221.25	424
1483379401.96	426
1483379576.56	426
1483379750.43	427
1483379923.87	428
1483380099.85	429
1483380274.33	431
1483380451.02	431
1483380628.24	434
1483380801.82	434
1483380981.48	423
1483381164.74	425
1483381345.31	427
1483381526.52	427
1483381707.71	428
1483381974.01	429
1483382163.8	429
1483382343.03	432
1483382523.15	432
1483382705.98	432
1483382885.38	432
1483383064.87	432
1483383245.5	434
1483383423.57	434
1483383600.48	437
1483383786.06	439
1483383971.29	419
1483384155.64	421
1483384333.77	423
1483384511.77	427
1483384688.99	427
1483384867.1	428
1483385045.45	429
1483385223.04	431
1483385400.07	431
1483385581.98	432
1483385761.62	435
1483385936.07	435
1483386110.57	437
1483386287.53	438
1483386471.54	424
1483386661.56	426
1483386846.55	426
1483387026.7	426
1483387204.77	426
1483387396.19	427
1483387573.88	428
1483387750.58	429
1483387928.11	429
1483388105.91	431
1483388281.88	431
1483388455.17	433
1483388629.73	434
1483388803.56	437
1483388980.28	414
1483389160.8	418
1483389340.02	418
1483389516.32	419
1483389693.39	419
1483389878.97	422
1483390056.87	422
1483390231.46	422
1483390404.58	422
1483390578.49	424
1483390752.99	424
1483390924.24	427
1483391100.36	427
1483391297.77	414
1483391485.37	416
1483391666.05	417
1483391848.77	417
1483392028.54	417
1483392207.07	423
1483392387.91	423
1483392566.53	428
1483392744.86	428
1483392921.04	428
1483393095.85	433
1483393270.23	434
1483393446.97	437
1483393622.27	437
1483393799.52	421
1483393981.26	423
1483394172.46	423
1483394355.19	424
1483394531.87	424
1483394708.66	425
1483394886.06	428
1483395063.66	428
1483395248.8	430
1483395423.77	431
1483395604.48	431
1483395780.08	432
1483395954.98	432
1483396130.12	433
1483396302.9	433
1483396483.93	422
1483396671.06	422
1483396856.58	423
1483397039.58	424
1483397219.74	424
1483397398.87	426
1483397584.29	426
1483397767.97	426
1483397944.54	426
1483398120.5	429
1483398297.22	429
1483398472.42	432
1483398648.72	432
1483398840.9	417
1483399037.67	427
1483399234.44	431
1483399419.46	431
1483399606.91	436
1483399792.38	436
1483399976.35	436
1483400156.13	438
1483400334.1	439
1483400517.85	441
1483400696.93	442
1483400878.19	442
1483401065.37	434
1483401252.49	436
1483401434.67	436
1483401617.05	438
1483401800.32	438
1483401982.26	440
1483402185.22	442
1483402366.32	442
1483402549.11	443
1483402725.83	444
1483402908.94	446
1483403085.03	446
1483403259.65	447
1483403439.19	435
1483403630.76	436
1483403810.66	436
1483403990.87	437
1483404177.44	437
1483404356.78	437
1483404535.19	437
1483404713.45	438
1483404889.81	438
1483405065.85	440
1483405254.07	440
1483405431.88	444
1483405609.01	446
1483405795.24	428
1483405977.75	432
1483406159.09	434
1483406338.45	436
1483406518.78	436
1483406698.66	437
1483406878.43	437
1483407058.24	439
1483407234.83	439
1483407414.09	442
1483407601.78	442
1483407818.86	444
1483407996.51	445
1483408226.85	429
1483408415.94	431
1483408600.66	433
1483408780.24	433
1483408961.56	433
1483409143.31	433
1483409325.9	433
1483409505.48	434
1483409681.76	434
1483409859.74	439
1483410034.4	439
1483410208.05	442
1483410389.92	442
1483410590.35	420
1483410793.3	423
1483411000.81	423
1483411199.66	425
1483411395.54	425
1483411584.13	425
1483411766.56	428
1483411952.67	429
1483412132.64	431
1483412311.62	432
1483412485.2	435
1483412659.12	435
1483412838.24	435
1483413026.12	412
1483413216.85	413
